4811,-2073,4331,6488,-2273,3414,5079,-892,3422,2725,115,3622,1124,248,3166,476,-112,3466,932,20,4050,2357,428,3626,3362,-172,2809,3542,-1432,2693,0,
2913,-804,3198,2813,-1052,3182,2569,-1224,3202,2525,-1273,3150,2657,-1560,3334,2725,-1309,3178,2517,-1393,3186,2425,-1300,3430,2673,-808,3510,3166,-392,3714,0,
2025,-1312,3101,2077,-1325,3110,2669,-1449,3366,3053,-1452,2945,2865,-1468,3094,2581,-1096,3426,2569,-920,3294,2729,-1092,3266,2717,-1144,3250,2661,-1036,3274,0,
2277,-1028,3678,2577,-1348,3402,2714,-1897,3189,2597,-1853,3390,2541,-1208,3310,2493,-988,3222,2761,-1192,3470,2942,-844,2942,2121,-1404,3222,2237,-852,3378,0,
2609,-972,3454,2669,-724,3542,2613,-1016,3738,2701,-1168,3742,2641,-1273,3418,2553,-1216,3570,2629,-812,3466,2673,-904,3210,2777,-924,3298,2750,-580,3406,0,
2793,-1320,3146,2745,-1452,3098,2601,-1533,3049,2385,-1660,3094,2385,-1628,3126,2489,-1665,3022,2501,-1517,3130,2469,-1028,3294,2385,-320,3578,2485,236,3954,0,
3121,-404,3262,2441,-203,4130,2525,-408,4122,2633,-340,3810,2633,-336,3778,2621,-368,3798,2537,-280,3402,2281,-468,3101,2205,-344,3658,2645,-160,3710,0,
2217,-556,3790,2593,-476,3742,2637,167,3662,2785,752,4198,3150,1060,4327,3358,228,3882,3033,-1252,3001,2073,-2317,2181,936,-2185,2721,728,-448,3746,0,
3690,-2721,3186,3778,-2929,2489,2917,-2725,2097,1696,-1853,2693,508,-720,2942,-276,-308,2974,268,-492,3778,2493,-848,4515,5331,-1504,4895,6748,-2273,4058,0,
3530,-1048,2897,3394,-972,3202,2978,-1088,3546,2773,-1000,4046,2865,-636,4062,2870,-728,3518,2753,-1044,3458,2593,-888,3650,2377,-548,3570,2317,-536,3414,0,
-1696,-1452,1316,-1429,-2477,1741,-1665,-3085,1985,-1957,-2745,2041,-2357,-2437,1793,-2849,-2201,1921,-2913,-1601,2185,-2541,-1020,2697,-2217,-792,2741,-2349,-960,2701,4096,
-2717,-1869,2841,-2001,-1829,2809,-1529,-1829,2625,-1649,-1961,2401,-1965,-2041,2633,-2181,-1849,2421,-2233,-1589,2453,-2137,-1344,2693,-1981,-1280,2593,-2089,-1172,2681,4096,
-1104,-1729,3446,-916,-1729,3294,-1156,-1633,2309,-1853,-1533,2237,-2597,-1553,2317,-2897,-1589,2353,-2737,-1332,2393,-2433,-1080,2509,-2225,-1104,3170,-1949,-1160,2985,4096,
-2750,-1713,2545,-3090,-1813,2445,-3186,-1560,2073,-3178,-1236,1761,-3278,-1008,1857,-3286,-896,2261,-3058,-832,2361,-2793,-828,1905,-2757,-788,1549,-2886,-712,1685,4096,
-1853,-1348,3198,-1837,-1312,3274,-1785,-1208,2978,-1705,-1296,3230,-1477,-1413,3554,-1221,-1601,3146,-1280,-1825,2605,-1625,-1909,2525,-2025,-1793,2617,-2217,-1625,2657,4096,
-1793,-1368,2797,-1456,-1273,2834,-1312,-1260,2685,-1440,-1200,2433,-1821,-1092,2417,-2025,-972,3354,-1520,-1068,3358,-1052,-1325,3250,-864,-1644,3082,-980,-1785,2909,4096,
392,-368,4018,-43,308,3690,-572,472,2465,-1348,-88,748,-2489,-948,-192,-3954,-1909,852,-4519,-1949,2505,-3742,-1364,1393,-2949,-1292,532,-2369,-1701,1565,4096,
-3322,-2381,2697,-3142,-2021,2293,-2553,-1332,2381,-2177,-1152,2585,-1841,-1845,3121,-1737,-2249,3126,-2065,-1320,2757,-2421,-568,3026,-2541,-1216,2793,-2553,-1328,2545,4096,
-2265,-1625,3250,-1304,-1813,3126,-732,-1909,2753,-940,-1901,2485,-1517,-1937,2285,-2081,-1965,2145,-2413,-1813,2337,-2301,-1468,2805,-1757,-1352,3466,-964,-1741,3786,4096,
1717,-1100,3210,2233,-1504,3238,2978,-1969,3354,3650,-2293,3374,3890,-2181,3094,2938,-1945,2802,1748,-1669,3354,1372,-1316,3454,1965,-1721,3194,2750,-2165,3270,0,
2633,-1748,2521,2477,-1693,2445,2477,-1809,2533,2625,-1837,2589,2785,-1853,2637,2797,-1789,2553,2593,-1985,2577,2601,-2065,2665,2789,-2189,2621,3182,-2445,2805,0,
2549,-1485,2773,2661,-1617,2661,3038,-1865,2689,3346,-1985,2805,3818,-2313,3226,4406,-2445,3206,4478,-2661,2809,3846,-2569,2782,2873,-1973,2701,1613,-1180,1929,0,
2497,-1304,3105,2593,-1361,3418,2809,-1520,3278,2926,-1649,3170,2906,-1468,3166,2805,-1501,3058,2709,-1617,2913,2453,-1805,2886,2381,-1669,2985,2469,-1621,2705,0,
1537,-1104,3590,2277,-1016,3590,3066,-996,3638,3854,-1052,3722,4442,-1068,3726,4598,-764,3750,4363,-280,3838,3790,11,3830,3094,-72,3926,2477,-292,4078,0,
2714,-1817,2421,2753,-1901,2341,2750,-1985,2565,2954,-2089,2838,3514,-2313,3118,4178,-2617,3074,4490,-2769,2838,4010,-2593,2725,3210,-2393,2926,2657,-2509,3182,0,
2333,-1036,3266,2681,-1388,3270,2881,-1416,3186,2861,-1292,3066,2757,-1208,3033,2421,-1384,3105,2349,-1397,3178,2501,-1513,3234,2661,-1445,3105,2557,-1565,2965,0,
2585,-1925,2777,2481,-1945,2834,2209,-2137,2677,2105,-2213,2942,2453,-2401,3121,3090,-2893,3126,3614,-3290,3098,3642,-3166,2961,3078,-2782,2877,2441,-2461,2926,0,
1881,-780,3638,1685,-1116,3562,1581,-1236,3478,1660,-1108,3522,2117,-972,3686,2917,-1036,3758,4282,-1601,3406,4210,-1581,3282,3498,-1508,3042,2469,-1625,3017,0,
3082,-1432,3026,2633,-1164,2997,2289,-1164,3246,2313,-1276,3322,2449,-1400,3137,2517,-1413,3142,2493,-1352,3110,2497,-1576,3049,2637,-1865,3069,2922,-2129,3066,0,
-1628,-1132,2509,-1397,-1016,2881,-1268,-1152,3078,-1413,-1380,2841,-1657,-1492,2761,-1809,-1492,2849,-1641,-1601,2838,-1312,-1917,2821,-1088,-2161,2701,-1120,-2101,2413,4096,
1488,-2970,4515,1769,-2333,1705,796,-2285,2289,-184,-2625,2541,-1156,-2981,1440,-2165,-2870,1020,-2441,-2573,1901,-2093,-2349,2005,-1608,-1873,1841,-1296,-1361,1917,4096,
-1240,-1921,2329,-1545,-1737,2409,-1817,-1825,2585,-1909,-1865,2733,-1837,-1801,2613,-1777,-1680,2349,-1797,-1660,2101,-1965,-1529,1925,-2209,-1481,1969,-2273,-1581,2221,4096,
-568,-1881,2329,-1352,-1572,2185,-2089,-1352,2537,-2445,-1377,3230,-2129,-1517,3522,-1472,-1748,3302,-884,-1909,3069,-784,-1569,2782,-1068,-1120,2477,-1416,-1172,2553,4096,
-1112,-3582,1973,-1416,-2881,1216,-1797,-2385,772,-2273,-2297,748,-2769,-2225,920,-3085,-2133,1152,-3101,-2097,1393,-2825,-2109,1833,-2221,-2097,2685,-1316,-2109,3322,4096,
-356,-3714,2473,-904,-3262,1893,-1361,-2793,1769,-1637,-2689,1696,-1845,-2761,1224,-2053,-2757,824,-2221,-2645,920,-2209,-2573,1388,-1969,-2577,1821,-1545,-2657,2145,4096,
-1064,-2469,2081,-1352,-2353,2213,-1537,-2657,2585,-1689,-2585,2437,-1861,-2353,2205,-2133,-2153,2025,-2381,-2085,2101,-2473,-2177,2357,-2293,-2349,2750,-1873,-2389,2958,4096,
-1404,-2261,940,-2537,-1905,1665,-2942,-2121,1741,-2685,-2393,1905,-2129,-2509,1985,-1665,-2313,2073,-1569,-2141,2157,-1833,-2101,2157,-2013,-2281,2401,-1885,-2525,2685,4096,
-1757,-2545,1693,-1877,-2954,1973,-1797,-3302,2069,-1601,-3282,1817,-1468,-3058,1497,-1461,-2873,1400,-1605,-2769,1388,-1837,-2693,1589,-1917,-2593,2317,-1413,-2145,2793,4096,
572,-1805,4066,208,-1981,4070,-208,-2161,4150,-588,-2205,4455,-852,-2017,4639,-924,-1741,4567,-976,-1537,4383,-1092,-1384,4327,-1196,-1196,4483,-1168,-976,4655,8192,
1673,-700,3738,1765,-616,3706,1761,-468,3746,1797,-364,3714,1909,-268,3626,1949,-219,3654,1933,-312,3726,1933,-452,3682,1981,-612,3606,1965,-700,3530,8192,
1705,-500,3634,2157,-348,3406,2293,36,3266,2137,76,3770,1933,-496,3974,1893,-792,3666,1965,-784,3250,1997,-708,3166,1857,-720,3578,1889,-728,3538,8192,
5443,-644,3274,6120,-1232,3530,6328,-1737,3566,5615,-1889,2938,4883,-1877,2541,4575,-1885,2769,4410,-1837,3069,4162,-1621,3094,3838,-1228,2857,3542,-548,2537,8192,
4442,-860,3990,6304,-1432,3782,7236,-1649,3518,7701,-1725,3058,7933,-1420,2489,7705,-852,2389,6404,-780,3470,4859,-1212,4999,3290,-1905,5283,1989,-2349,4311,8192,
2025,-1096,3294,2041,-1064,3302,2065,-1072,3306,2061,-1024,3302,2109,-940,3350,2137,-864,3306,2161,-816,3310,2193,-844,3314,2173,-948,3278,2145,-1020,3358,8192,
6208,3610,-3642,7188,2469,-8,5627,632,2997,2061,-224,5583,-1344,-348,6876,-1172,-1341,6324,1985,-2261,4306,3914,-1465,804,3778,352,440,2766,984,3834,8192,
604,-192,4338,616,556,4130,456,1436,4238,-115,2133,4711,-284,1825,4675,-388,1560,4402,-296,1368,4363,-4,1192,4675,308,952,4719,420,712,4302,8192,
-364,-1228,3142,-224,-1304,2965,40,-1393,3398,636,-1472,4379,1513,-1520,5207,2337,-1424,5223,2773,-1208,4471,2766,-1104,3550,2573,-1160,3030,2473,-1348,3101,8192,
2253,-1565,3182,2269,-1533,3246,2293,-1605,3206,2389,-1576,3022,2485,-1545,2857,2573,-1492,2789,2649,-1445,2854,2657,-1565,2857,2629,-1769,2825,2569,-1929,2838,8192,
1989,-924,3374,1981,-1024,3350,2005,-1136,3254,2001,-1240,3194,1973,-1168,3198,2037,-1289,3226,2001,-1212,3146,1993,-1120,3290,2033,-1068,3282,2041,-1052,3218,8192,
4891,-920,1585,5295,-836,1361,6432,-360,688,6968,196,-184,7568,504,-1388,7869,203,-3202,8017,-408,-5119,7493,-792,-5319,6060,-1116,-4386,3770,-1000,-3366,8192,
-396,1524,3430,-248,1637,3370,-31,1605,3690,328,1508,4110,736,1465,4347,1152,1424,4230,1696,1304,4139,2189,1208,4182,2513,984,4166,2721,356,3922,8192,
1845,-2057,4259,2065,-1608,4390,3017,-1769,4539,4363,-1869,4507,6264,-2173,4058,7216,-2277,3894,7693,-2405,3142,7929,-2169,3638,7068,-1276,5883,5775,-520,7024,8192,
1949,-1136,3334,1981,-1096,3310,1985,-1052,3326,2005,-1044,3302,2057,-1040,3226,2057,-1084,3218,2033,-1144,3270,2041,-1228,3246,2057,-1216,3258,2037,-1232,3286,8192,
1332,-576,4867,2101,-436,3530,1985,-996,3230,1769,-1264,3518,1841,-1152,3482,1889,-1280,3302,1813,-1400,3350,1861,-1384,3402,1997,-1296,3238,2077,-1284,3098,8192,
1837,-1581,3290,1929,-1524,3202,1993,-1501,3053,1989,-1545,3053,1961,-1529,3142,1949,-1461,3226,1977,-1420,3218,1977,-1445,3189,1949,-1504,3134,1869,-1553,3114,8192,
1328,-2529,4546,1124,-2269,3114,1413,-2169,2681,1849,-2009,2990,2109,-1777,3137,2261,-1472,3206,2285,-984,3318,2137,-592,3618,1949,-424,3970,1761,-584,3870,8192,
380,-1108,2673,436,-1104,2621,588,-952,2377,988,-868,2293,1644,-1016,2273,2209,-1224,2013,2373,-1160,1517,2369,-1128,1060,2653,-1320,1556,3069,-1497,2717,8192,
2205,-1513,3278,2285,-1472,3234,2325,-1456,3186,2333,-1501,3270,2293,-1680,3322,2293,-1917,3278,2261,-2177,3094,2197,-2349,3010,2105,-2401,3282,2013,-2505,3478,8192,
1905,-1216,3438,1917,-1264,3370,1897,-1273,3410,1885,-1404,3366,1917,-1461,3286,1965,-1481,3226,1929,-1504,3234,1937,-1508,3314,1997,-1497,3218,1997,-1497,3214,8192,
6164,-1060,3189,6584,-184,2493,7376,340,2525,7773,740,2313,7969,1397,1268,7565,2461,-364,7344,3222,-1933,7729,3078,-3402,7949,2153,-4266,8057,884,-3998,8192,
0,-1372,2097,188,-980,2425,452,-516,2601,820,-172,2597,1088,-88,2329,1156,-115,2129,1128,-43,2029,988,4,1729,736,-11,1092,420,-15,392,8192,
2613,-1540,2757,2645,-1793,2766,2569,-1893,2861,2561,-1993,2870,2633,-2093,2745,2741,-2177,2597,2782,-2253,2557,2809,-2433,2545,2818,-2653,2577,2818,-3006,2525,8192,
852,648,2013,1228,692,1789,1456,728,1969,1440,828,2165,1320,868,1957,1320,916,1581,1413,1020,1537,1384,1368,1741,1172,1833,1849,904,2089,1929,0,
1024,-108,2597,956,-15,2489,1020,256,2345,1180,540,2141,1380,788,1937,1513,1068,1917,1485,1445,1937,1400,1825,1869,1384,2017,1649,1420,1917,1380,0,
1504,444,1377,1413,704,1581,1397,1108,2213,1280,1529,2529,1192,1461,1837,1452,1204,1601,1545,1200,1461,1440,1472,1745,1100,1977,2257,644,2373,2577,0,
1420,576,2942,1468,420,2881,1513,236,2473,1660,72,2381,1785,-151,2701,1781,-151,2873,1725,63,2649,1748,260,2297,1865,268,2013,1965,104,1793,0,
2281,-184,2333,1957,416,2213,1677,880,2041,1628,964,2141,1677,756,2697,1617,532,3166,1436,380,3198,1472,203,2818,1701,63,2313,2005,8,1901,0,
1809,516,2109,1560,684,2445,1364,936,2766,1280,1256,2906,1372,1256,2721,1569,912,2409,1777,520,2133,1889,284,1889,1925,308,1597,1865,520,1436,0,
56,236,4699,-112,616,3578,88,832,2649,524,744,1861,1148,532,1260,1817,544,1120,2237,808,1468,1965,1140,1264,1705,1140,1052,1540,1168,1212,0,
952,1332,2838,920,1696,2509,1008,1468,2069,1172,1092,1721,1364,948,1605,1504,1276,1565,1488,1897,1492,1044,3121,1465,632,3234,2117,196,2597,2753,0,
664,392,2829,872,328,2273,1325,380,1945,1725,540,1801,2001,744,1665,2073,864,1432,1961,728,712,1893,548,432,1897,300,648,1613,244,1581,0,
-332,-344,3538,-15,-296,2714,420,-200,2101,988,-131,1769,1576,4,2001,1813,344,2449,1644,592,2293,1409,544,1837,1352,284,1693,1436,92,1937,0,
1641,1072,2777,1485,972,2565,1296,852,2517,1172,628,2829,1084,276,3053,1036,-40,2917,1104,-180,2714,1569,-124,2289,1748,-27,1957,1793,124,1497,0,
1733,-508,2145,1745,-328,1741,1701,212,1300,1793,908,1252,1921,1520,1325,1985,2013,1696,1889,2109,2417,1597,1685,2721,1361,1032,2581,1325,512,2421,0,
788,184,3502,676,796,2385,988,1384,1957,1560,1537,1997,2097,1296,2113,2393,944,2349,2181,872,2397,1733,876,2357,1404,704,2357,1292,416,2421,0,
-3778,-1312,4338,-3862,-960,4507,-3950,-664,5043,-3902,-472,5295,-4022,-324,5295,-3918,72,5603,-3790,356,5407,-3630,404,5227,-3338,364,5123,-3014,504,4779,4096,
-2766,-356,5211,-3062,-536,5195,-3218,-616,4951,-3194,-772,4751,-3250,-1012,5039,-3338,-1221,5443,-3466,-1424,5371,-3478,-1560,5007,-3374,-1733,4931,-3350,-1709,5107,4096,
-3902,-203,4847,-4150,99,5127,-4226,336,4927,-4014,360,4467,-3706,144,4214,-3498,-268,4410,-3582,-608,4867,-4014,-456,5455,-4279,96,5788,-4058,708,5639,4096,
-3142,620,3654,-3206,316,3774,-3466,-60,4214,-3658,-384,4607,-3878,-528,5023,-4034,-656,5483,-4090,-804,5824,-3850,-888,5772,-3226,-792,5227,-2669,-492,4431,4096,
272,-676,432,-636,-203,748,-1761,144,1284,-3274,219,3274,-5635,-492,5720,-6292,-1152,5207,-6068,-1192,3698,-5307,-400,4499,-4347,524,4983,-3582,1273,5027,4096,
-2565,27,3538,-2525,-724,3654,-2649,-1244,3850,-2886,-1312,4046,-3302,-932,4587,-3958,-432,5599,-4338,-63,6200,-3902,184,5955,-3146,492,5343,-2577,648,4607,4096,
-3318,83,4551,-3094,140,4578,-2873,99,4519,-2829,-40,4647,-3338,-300,5463,-4062,-640,6532,-4046,-960,6700,-3542,-952,6532,-3121,-696,5840,-2725,-248,4875,4096,
-3218,652,4871,-3154,776,4839,-3126,632,4887,-3126,340,5087,-3173,-156,5111,-3033,-280,4907,-2933,-384,4614,-2938,-540,4727,-3178,-712,5087,-3418,-820,5607,4096,
-3166,-2213,4691,-3762,-2789,5039,-4102,-2309,5159,-4222,-1400,4971,-4146,-664,4643,-4134,-52,4354,-4050,200,4250,-3938,396,3934,-3662,652,3578,-3370,820,3498,4096,
-4935,-115,5095,-4026,380,5487,-3069,752,4859,-2325,976,4474,-2021,1112,4374,-2121,1160,4286,-2277,1204,4046,-2457,1304,3994,-2605,1341,4250,-2733,1372,4435,4096,
-3470,-1977,5055,-3754,-1284,5227,-3914,-476,5011,-3854,131,4546,-3566,476,4210,-3238,360,4178,-2933,15,4191,-2769,-324,4030,-2809,-560,4006,-3066,-700,4250,4096,
-3078,-2389,4799,-3622,-2877,3966,-3874,-2897,3774,-3886,-2457,3874,-3666,-1765,3986,-3482,-976,4298,-3410,-200,4559,-3370,624,4883,-3362,1076,5071,-3318,1164,5187,4096,
-3049,496,4347,-3402,332,4619,-3626,-135,5023,-3762,-612,5387,-3958,-844,5495,-3946,-928,5451,-3606,-1020,5251,-3126,-1140,5039,-2741,-1136,4791,-2517,-928,4523,4096,
1180,-1685,3750,936,-1084,3782,852,-488,3574,936,-15,3230,1040,396,2717,1208,736,2065,1420,988,2001,1413,1228,2585,1084,1497,2782,720,1821,2725,0,
-512,-544,4386,-816,0,3714,-600,576,2949,-180,1128,2573,304,1592,2393,728,1929,2157,1132,2133,1717,1501,2237,1377,1641,2341,1400,1328,2301,1973,0,
-1621,-288,3926,-1545,696,2009,-548,1445,1693,628,1981,1605,1777,2473,588,2893,2933,-600,3642,3262,-236,3494,3350,1008,2597,3314,1501,1140,3062,2593,0,
980,500,2085,1144,828,1977,1368,956,1853,1524,892,1696,1540,932,1873,1361,984,2217,1028,932,2609,784,592,2657,788,172,2293,1028,-151,1680,0,
1140,828,2249,1400,768,2077,1517,476,1633,1472,92,984,1488,-344,288,1849,-784,-764,2609,-1397,-1252,3082,-2009,-8,2733,-2281,1508,1809,-1945,2525,0,
1537,-308,3830,788,40,3662,412,416,2757,608,736,2277,928,948,1937,1164,1048,1377,1501,1120,600,2085,1096,11,2601,856,736,2521,740,1977,0,
1929,904,2834,1529,1497,4270,920,2269,3550,1040,3090,1857,1597,3846,812,2177,4390,324,2489,4266,612,908,1917,4094,208,736,3938,-31,-452,4919,0,
1361,1028,2926,1445,1576,2521,1628,1789,2085,1865,1825,1485,2265,1921,1200,2621,2181,1501,2753,2593,1741,2685,3033,1309,2677,3410,1092,2729,3422,1400,0,
1260,1605,2793,1240,1657,2902,1264,1569,2653,1309,1336,2133,1357,1032,1608,1520,808,976,2157,664,464,2838,512,1325,2665,612,3105,1176,1549,5635,0,
1052,1240,372,2105,2133,-1216,2990,2113,-436,3166,1921,2377,416,2177,5271,-288,1660,1817,-436,928,1372,156,360,2125,1108,188,1553,2001,104,1497,0,
1560,-1188,1777,1769,-1312,1713,1669,-1384,2517,1256,-1628,3214,724,-1729,3286,364,-620,3626,368,-24,3178,600,448,2625,936,848,2413,1216,1204,2313,0,
720,160,2922,928,508,2325,1188,776,2009,1492,852,2405,1477,700,2641,1264,292,2469,1120,0,2397,1116,4,2481,1144,252,2637,944,1152,2225,0,
1400,1748,2701,1440,1608,2497,1621,1357,1973,2001,1048,1501,2477,756,1404,2769,636,1472,2797,636,1628,2481,912,2161,1901,1456,3282,932,2329,5455,0,
1569,948,2153,1745,572,2305,1841,256,2714,1685,67,2557,1517,63,1985,1488,72,1404,1717,-4,1252,1997,-164,1981,1885,-148,3137,1276,164,4154,0,
248,2141,4526,120,3038,3366,416,3806,1889,1124,4490,704,2201,4851,67,3186,4915,268,3518,4627,748,2737,3958,964,872,2954,4539,-920,1553,5752,0,
564,1104,5627,192,1965,4847,488,2985,3346,1128,3806,2685,1793,3974,1889,2233,3706,1289,2541,3258,852,2741,2585,420,2717,1845,200,2241,1244,896,0,
1208,816,1641,1605,684,1504,1785,560,1713,1605,372,1785,1352,76,1773,1188,-216,1693,1184,-412,1492,1377,-440,1296,1585,-224,1320,1504,164,1737,0,
1745,1341,2573,1328,1941,3350,804,2273,2886,1160,1997,2477,1524,1777,1861,1781,1617,1176,1901,1341,616,2053,960,148,2429,496,-324,3017,40,-424,0,
904,148,3414,632,-47,3690,408,-344,3666,248,-368,3422,396,47,3246,648,203,2721,836,448,2057,880,804,1809,848,1064,2297,744,876,2441,0,
-2457,104,4110,-2533,60,4046,-2605,60,3954,-2709,224,4018,-3110,652,4915,-3346,740,4819,-3406,556,4519,-3238,112,4314,-2929,-460,4202,-2565,-932,4062,4096,
-2805,1088,4154,-2997,1465,4186,-3402,1933,4218,-3762,1825,4415,-4207,1613,4999,-4671,1388,5503,-5075,1076,6068,-5419,656,7048,-5820,240,7609,-6188,-124,7889,4096,
-4519,-988,5243,-4438,-1357,5623,-4515,-1677,5899,-4711,-1416,6432,-4959,-756,7104,-5111,-219,7389,-4991,-56,7136,-4503,-120,6548,-3814,-232,5888,-3022,-444,5051,4096,
-3998,-112,5547,-4139,-248,6196,-4474,-196,6828,-4847,31,7197,-5063,167,7301,-5091,67,7337,-4903,-140,7292,-4614,-252,7200,-4318,-212,7380,-3906,-344,6740,4096,
-4935,396,5675,-4943,40,6064,-4907,-135,6560,-5103,-176,6944,-5243,-27,7064,-5491,60,7573,-5804,-11,7837,-5840,-180,7477,-5271,-452,6880,-4370,-816,5908,4096,
-3702,148,4474,-4130,596,5195,-4530,952,5215,-4895,1056,5091,-5059,756,5187,-4943,344,5343,-4715,-27,5303,-4515,-352,5227,-4358,-676,5127,-4262,-1016,5027,4096,
-4146,-24,5831,-4931,-492,6808,-4919,-448,7072,-4663,-404,6956,-4338,-284,6760,-4050,115,6712,-4074,756,7044,-4399,1424,7072,-4663,1733,6700,-4755,1777,6252,4096,
-5283,224,5980,-5319,-508,6256,-5243,-1256,6688,-5335,-1677,7428,-5611,-1685,7793,-5475,-1364,7817,-4923,-1100,7192,-4106,-860,6192,-3154,-692,5035,-2305,-836,3886,4096,
-3418,1973,4266,-3910,1601,4619,-4494,1104,5023,-5003,556,6132,-5539,316,7148,-5879,384,7657,-6048,412,7913,-5896,332,8041,-5351,47,7813,-4747,-340,7168,4096,
-4474,1312,4595,-4891,764,4587,-4683,-840,4835,-4347,-1468,4927,-3970,-1357,5235,-3782,-716,5539,-3834,-43,5467,-3978,348,5131,-4178,356,5159,-4331,131,5595,4096,
-4298,676,4883,-4539,324,5371,-4571,0,5635,-4422,-552,6696,-4474,-540,7068,-4771,-268,7308,-5067,-52,7537,-4831,-20,7144,-4078,-200,6500,-3326,-412,5967,4096,
-2381,732,3722,-2649,1248,4198,-3434,1641,5411,-4562,1797,6684,-5323,1665,7401,-5371,1328,7545,-5019,856,7284,-4422,280,6636,-4022,-500,6019,-3406,-1208,4987,4096,
-4598,1008,5987,-4483,972,6556,-4406,1192,7132,-4546,1348,7208,-4739,1064,6864,-4703,368,6256,-4363,-392,5351,-3674,-1236,4350,-2809,-2149,3658,-2005,-2721,3110,4096,
-3622,1769,5499,-3882,1921,6312,-4222,2225,6796,-4575,2417,6972,-4651,2141,6920,-4575,1660,6880,-4222,948,6716,-3742,-167,6068,-3194,-1436,5259,-2593,-2561,4254,4096,
-4062,508,5147,-4086,-92,5547,-4118,-560,5860,-4218,-716,6380,-4254,-596,7128,-4218,-364,7380,-3938,-208,7245,-3450,-96,7096,-3014,172,7012,-2681,424,6476,4096,
-3730,472,4967,-3870,36,5455,-4054,-115,6184,-4306,36,6824,-4707,316,7252,-4975,420,7525,-4887,476,7653,-4406,484,7521,-3646,167,6380,-2854,-632,4891,4096,
-3742,676,4490,-3666,264,4519,-3530,-140,4487,-3466,-484,4583,-3534,-604,4851,-3646,-444,5215,-3834,67,5559,-4062,592,6484,-4150,1020,6988,-3862,1124,6788,4096,
-3814,-92,4442,-3458,-468,4358,-3222,-752,4230,-3266,-728,4526,-3522,-176,5703,-3826,704,6348,-3974,1352,6404,-3734,1601,6304,-3370,1637,6316,-3114,1745,6860,4096,
-3690,984,5183,-3562,892,5287,-3474,796,5295,-3410,600,5131,-3318,432,4855,-3194,219,4727,-3137,180,4879,-3101,456,5399,-3150,784,5663,-3121,884,5595,4096,
-2065,336,3222,-5115,4250,-1140,-6584,6208,-3630,-4226,2133,2269,83,-1304,1961,-1393,1456,2717,-2838,1829,4402,-2301,752,2569,-1721,584,2193,-2109,-79,1901,8192,
-1813,1325,3978,2265,972,3173,2685,616,2109,-1112,1501,2593,-4578,1576,4102,-4074,1028,3682,-1801,900,2589,-1709,640,2669,-2838,228,2297,-2761,528,2870,8192,
-712,2133,1397,-1036,1773,2445,-1497,1364,3069,-1793,1036,3238,-1813,744,3282,-1685,368,3026,-1625,27,2369,-1733,-236,1569,-1933,-412,1264,-2261,-500,1440,8192,
-2061,-228,3178,-2057,-236,3178,-2121,-144,3146,-2269,-160,3158,-2249,-140,3158,-2237,-148,3134,-2265,-184,3162,-2277,-148,3142,-2249,-120,3166,-2261,-124,3094,8192,
-6780,99,2277,-7473,-1116,5223,-4474,-2645,2121,-1621,-3206,-56,-99,-1088,3434,-516,-151,852,-1717,776,1452,-3105,964,2845,-3594,796,3766,-2942,892,4458,8192,
-3554,-2493,2465,-4062,-2233,2705,-4483,-1977,2978,-4651,-1725,3030,-4519,-1485,2870,-4363,-1372,2601,-4406,-1456,2461,-4671,-1560,2541,-4923,-1660,2661,-5079,-1817,2677,8192,
-2337,320,3053,-2373,292,3062,-2345,292,3046,-2341,396,3026,-2349,480,3006,-2365,544,3010,-2389,544,2974,-2397,528,2965,-2393,568,2961,-2429,564,2954,8192,
-4911,-960,4018,-3934,-1064,2897,-3033,-1008,1549,-2569,-892,676,-2561,-820,272,-2677,-672,148,-2609,-380,-148,-2421,-36,-588,-2337,348,-900,-2557,684,-908,8192,
-2689,616,2581,-2766,580,2537,-2849,548,2497,-2877,532,2449,-2873,536,2405,-2933,544,2281,-3017,508,2209,-3101,452,2137,-3158,468,2041,-3242,540,1917,8192,
-2101,380,3254,-2133,372,3234,-2137,356,3230,-2125,328,3274,-2089,336,3234,-2097,372,3234,-2069,408,3182,-2073,396,3210,-2089,408,3226,-2113,428,3226,8192,
-3382,-2917,444,-5595,-3026,2777,-5479,-3090,2745,-4703,-3058,2245,-4062,-2877,1240,-3858,-2589,508,-3998,-2193,203,-4139,-1657,160,-4074,-1120,300,-3938,-560,348,8192,
-1729,2209,3038,-1637,2005,3030,-1576,1680,2661,-1361,1260,2033,-1100,876,1504,-868,500,1289,-1068,108,1660,-1821,-328,2877,-2745,-864,4050,-3170,-1284,3626,8192,
-2025,244,3202,-2101,376,3178,-2117,416,3150,-2133,420,3130,-2153,384,3134,-2145,352,3090,-2137,320,3085,-2177,232,3094,-2157,216,3098,-2153,292,3058,8192,
-4931,3510,3346,-5755,-2325,4386,-6252,-4595,5759,-4102,-2361,2926,-856,1300,1492,-1028,960,3110,-2089,-128,2709,-2705,192,3634,-2681,904,3706,-2217,796,2325,8192,
-2521,368,2897,-2473,344,2913,-2509,492,2753,-2589,292,2970,-2621,396,2777,-2617,800,2665,-2629,800,2893,-2893,167,3078,-2922,-52,3242,-2825,112,2965,8192,
-2073,488,3189,-2089,544,3214,-2085,596,3186,-2057,568,3170,-2041,452,3158,-2061,428,3186,-2085,404,3166,-2081,408,3210,-2041,396,3254,-2029,376,3230,8192,
-4907,-1052,504,-4555,-816,-472,-4591,-500,-708,-5023,-188,-564,-5711,-11,164,-5824,-160,372,-5383,-260,256,-5135,-144,120,-5387,212,376,-5587,420,104,8192,
-1641,844,2453,-1809,768,2449,-1897,752,2433,-2109,736,2457,-2505,548,2437,-3010,304,2469,-3570,112,2677,-4094,-79,2813,-4367,-128,2709,-4379,108,2521,8192,
-2241,40,3033,-2249,120,2994,-2301,128,2942,-2389,240,2841,-2489,340,2825,-2569,364,2750,-2685,372,2665,-2745,372,2597,-2805,364,2517,-2893,380,2397,8192,
-2077,800,3110,-2105,764,3230,-2145,604,3354,-2125,532,3282,-2097,572,3186,-2085,528,3158,-2141,448,3198,-2229,476,3210,-2249,592,3186,-2145,528,3262,8192,
-3202,-1560,1641,-3062,-1581,1605,-2958,-1641,1492,-2913,-1685,1357,-3010,-1696,1312,-3121,-1605,1208,-3049,-1452,756,-2873,-1296,348,-2938,-1068,240,-3466,-768,548,8192,
-2737,416,2818,-2677,308,2782,-2685,96,2913,-2577,63,2974,-2609,-31,2942,-2705,-260,3006,-2665,-224,2954,-2681,-88,2886,-2681,-76,3006,-2645,115,2917,8192,
-2141,612,3214,-2129,564,3178,-2121,468,3198,-2117,460,3189,-2121,508,3202,-2129,528,3226,-2109,524,3222,-2081,444,3222,-2033,360,3250,-2009,244,3206,8192,
-3926,-1096,1601,-4438,-760,1705,-5039,-732,1693,-5235,-760,1477,-4935,-628,1040,-4562,-436,288,-4614,-240,-164,-5335,-120,348,-5899,-88,608,-5671,60,180,8192,
2689,-904,2958,2917,-852,3066,3134,-836,3294,3350,-872,3394,3562,-992,3494,3542,-1076,3702,3298,-928,3846,3006,-692,3794,2757,-468,3722,2577,-240,3606,0,
3594,-1477,2621,3594,-1572,2189,3314,-1853,1857,2990,-2081,1581,2873,-2077,1424,2981,-1793,1644,3210,-1472,2005,3470,-1128,2421,3730,-720,3290,3874,-656,3494,0,
2965,-2085,2289,2942,-2273,1993,2809,-2181,1873,2597,-1893,1885,2533,-1232,2105,2629,-832,2449,2902,-632,2990,3266,-528,3474,3706,-572,3790,4026,-764,3990,0,
3178,-2974,2293,2637,-2557,1825,2021,-2037,1761,1797,-1348,2057,2157,-792,2281,2449,-724,2805,2865,-780,3206,3414,-984,3610,3826,-1341,3770,3910,-1753,3738,0,
3342,-3242,960,3026,-2761,848,2529,-2253,1273,2241,-1781,1833,2405,-1196,2397,2877,-672,3173,3406,-208,4078,3850,-124,4543,4191,-300,4587,4314,-888,4302,0,
1929,-2017,2269,2065,-1881,2405,2257,-1789,2717,2597,-1717,3098,3010,-1885,3306,3474,-2297,3270,3718,-2753,2978,3618,-2949,2569,3238,-2797,2341,2834,-2493,2465,0,
2065,-1068,2757,2085,-816,3010,2417,-996,3082,2629,-1420,3062,2745,-1773,2909,2766,-1949,2629,2693,-1985,2421,2565,-1909,2353,2317,-1801,2361,2069,-1361,2473,0,
2829,-1529,3186,3134,-1929,3254,3302,-2269,3082,3398,-2469,3105,3318,-2689,2881,3121,-2549,2917,2985,-2249,2802,2974,-1861,2834,2854,-1504,2974,2750,-1064,3306,0,
2621,-1589,3069,2714,-1673,2933,2729,-1833,2805,2601,-1592,2773,2553,-696,3121,2693,-636,3286,2777,-856,3398,2906,-1012,3414,3014,-1088,3310,3134,-1284,3130,0,
1993,-620,2473,2541,120,3222,3114,264,4194,3626,-324,4374,4222,-1176,3942,4635,-2349,2845,4350,-2897,992,3042,-2617,27,1601,-1841,1184,1413,-1116,1729,0,
3826,-3105,3266,4050,-3738,3666,3586,-3806,3318,2917,-3402,2961,2709,-2845,2854,2697,-2453,2733,2521,-2249,2601,2497,-2165,2445,2309,-2257,2293,2417,-2297,2377,0,
2273,-2189,2557,2273,-1665,2813,2333,-1404,3198,2533,-1449,3602,2922,-1613,3850,3410,-1753,3966,3802,-1961,3918,3974,-2201,3526,3858,-2337,2802,3366,-2369,2213,0,
2802,-2213,2737,2529,-2389,2485,2401,-2305,2409,2353,-2041,2453,2469,-1713,2597,2745,-1377,2777,3030,-1184,3110,3394,-1044,3666,3538,-764,4426,3242,-604,4807,0,
1608,-1833,904,1416,-1328,1309,1869,-1196,1781,2677,-1116,2461,3258,-868,3494,3478,-680,4259,3602,-688,4651,3746,-1357,4535,3774,-2489,3714,3650,-3218,2277,0,
3150,-2913,1937,2705,-2757,1477,2125,-2233,1357,1869,-1717,1757,2369,-1641,2133,2881,-1628,2861,3066,-1488,3342,3158,-1400,3750,3278,-1413,4078,3366,-1445,4139,0,
2705,-2001,2854,2689,-1701,2821,2473,-1581,2902,2445,-1597,2709,2569,-1560,2373,2537,-1529,2245,2349,-1352,2097,2201,-1024,2345,2557,-640,3006,3085,-660,3550,0,
2557,-1517,2909,2802,-1617,2849,2902,-1869,2673,2849,-2401,2269,2693,-2549,1817,2353,-2513,1829,2185,-2045,1933,2201,-1429,2297,2325,-1076,2945,2613,-852,3370,0,
-1136,-1393,3137,-1088,-1761,3126,-1036,-2145,3126,-948,-2453,3014,-868,-2617,2821,-1024,-2145,3121,-984,-2037,3130,-1096,-1829,3066,-1388,-1380,3094,-1669,-1080,3049,4096,
-72,-3006,2917,-272,-2417,3322,-1064,-2061,3022,-1649,-2045,3022,-1513,-2045,3234,-1176,-1921,3033,-1040,-1777,3146,-972,-1905,3318,-792,-2385,3202,-532,-2737,3137,4096,
-1208,-2233,2929,-1472,-2325,2958,-1316,-2505,2877,-1164,-2393,2605,-1248,-2269,2437,-1400,-2401,2421,-1352,-2689,2717,-984,-2773,3062,-628,-2649,3426,-800,-2285,3398,4096,
-1112,-1813,3206,-1240,-1705,3069,-1377,-1529,3062,-1545,-1432,2933,-1685,-1565,2777,-1705,-1861,2893,-1572,-2137,2926,-1404,-2357,2917,-1289,-2725,2893,-1172,-3101,2886,4096,
-1224,-1781,3126,-1477,-1649,3218,-1504,-1857,3078,-1292,-1889,2834,-1212,-2105,2766,-1168,-2325,2797,-1140,-2489,2818,-1084,-2553,2881,-1084,-2589,2829,-1188,-2537,2818,4096,
-844,-2229,2737,-1080,-2069,2854,-1341,-1981,2965,-1481,-1949,3094,-1465,-1985,3114,-1368,-2065,3105,-1280,-2221,3094,-1152,-2361,2954,-836,-2401,2753,-740,-2425,2661,4096,
-1377,-2061,1200,-1248,-2557,696,-1080,-3358,1605,-620,-4194,3118,556,-4614,3105,1529,-3982,3514,1172,-3110,4198,40,-2273,4054,-1084,-1613,3278,-1745,-1296,2773,4096,
-868,-3170,1909,-804,-3894,2401,1052,-3854,2241,1316,-2601,3486,52,-1553,2813,-1488,-1660,2457,-2097,-2017,3522,-1721,-2381,3962,-1000,-2689,3426,-308,-2821,2481,4096,
-1524,-2081,3173,-1416,-2213,2990,-1424,-2049,2985,-1713,-1861,3038,-2001,-1837,3022,-2037,-1797,2917,-1885,-2069,2945,-1625,-2557,2958,-1440,-2841,2838,-1320,-2805,2902,4096,
-792,-2397,2229,-836,-2317,2273,-1280,-2245,2829,-1829,-2405,3658,-1468,-2513,2890,-1388,-2401,2617,-1533,-2593,2573,-1485,-2750,2453,-1344,-2565,2453,-1284,-2217,2593,4096,
-880,-3302,2557,-636,-3310,2685,-500,-3166,3033,-744,-3022,3022,-1096,-2813,2725,-1276,-2665,2505,-1276,-2701,2449,-1196,-2893,2361,-1096,-3173,2177,-956,-3474,2133,4096,
-1273,-2673,2802,-1341,-2697,2954,-1312,-2714,2870,-1540,-2553,2301,-1733,-2705,2197,-1608,-3022,2441,-1248,-3202,2645,-1192,-2829,2677,-1537,-2373,2285,-1865,-2313,1861,4096,
-1240,-2757,2457,-1332,-2761,2261,-1361,-2865,2257,-1208,-2985,2305,-1144,-2974,2421,-1276,-2802,2497,-1416,-2573,2637,-1400,-2405,2717,-1312,-2197,2669,-1328,-2073,2473,4096,
-1148,-2341,2838,-944,-2117,2625,-1076,-2217,2377,-1224,-2725,2697,-1108,-3198,3574,-712,-3334,3522,-648,-3182,2893,-960,-3042,2325,-1240,-3006,2201,-1216,-3101,2141,4096,
-1673,-2293,3486,-1572,-2593,3006,-1576,-2902,2761,-1524,-3042,2541,-1472,-2965,2361,-1549,-2802,2333,-1717,-2549,2425,-1833,-2273,2505,-1833,-2061,2585,-1680,-2117,2617,4096,
-1477,-2381,2705,-1325,-2169,2733,-1300,-2029,2673,-1468,-1945,2409,-1701,-1985,2401,-1737,-2329,2485,-1404,-2873,2489,-1144,-2970,2565,-1196,-3202,2938,-1377,-2890,2753,4096,
3101,-392,2665,3374,-452,2757,3690,-892,2789,3970,-1529,2693,4162,-2053,2561,4415,-2385,2453,4679,-2461,2349,4442,-2429,2233,3906,-2429,2209,3446,-2229,2213,0,
3650,-1320,2609,3406,-1400,2513,3374,-1325,2429,3470,-1420,2589,3718,-1300,2257,2938,-1284,2213,2649,-340,2245,2625,-140,2313,2802,-764,2617,3322,-1608,3026,0,
2541,-340,1977,2553,-368,2053,2938,-776,2517,3578,-1309,2913,4191,-1513,3090,4619,-1589,3246,4639,-1709,3246,4451,-1957,3134,4194,-1981,2821,3674,-2053,2333,0,
2701,-135,2457,2285,600,2261,2229,-219,2193,2714,-1380,2854,3550,-1965,3250,4402,-1777,3242,4791,-1248,3226,4630,-1184,3286,4295,-1721,3085,3914,-2113,2693,0,
692,-796,2169,868,-888,2213,1080,-752,2245,1456,-608,2541,1893,-552,2834,2397,-556,3110,2838,-584,3314,3586,-784,3526,3866,-788,3614,3950,-648,3562,0,
2549,-848,2533,2714,-828,2561,2929,-844,2661,3110,-924,2673,3246,-804,2681,3306,-672,2741,3350,-612,2873,3514,-708,2945,3646,-904,3062,3702,-1148,3178,0,
2753,-900,2549,2417,-452,2225,1953,-524,2033,1569,-668,2097,1533,-544,2073,1869,-752,2029,2457,-1361,2221,3114,-1781,2289,3546,-1893,2341,3802,-1977,2417,0,
3042,-408,3194,3001,-452,3110,2909,-492,2857,2802,-584,2673,2737,-700,2537,2782,-892,2453,2877,-1056,2461,3042,-1156,2533,3254,-1128,2661,3454,-1064,2714,0,
2609,-380,2954,2649,-324,2926,2766,-344,2897,2902,-416,2893,3026,-484,2877,3074,-588,2789,3017,-692,2753,2890,-780,2685,2834,-740,2625,2849,-660,2585,0,
2854,-284,3582,2493,-728,2870,2393,-924,2521,2373,-980,2421,2505,-976,2425,2714,-972,2453,3042,-1036,2549,3338,-1096,2890,3554,-1048,2994,3538,-1004,2929,0,
2994,-1393,2033,2665,-1116,2001,2433,-1128,2061,2541,-1485,2077,3001,-2137,2605,3666,-2517,2994,4118,-2437,3170,4226,-2513,3121,4122,-2825,2938,3914,-3118,2802,0,
2854,-1352,2465,2857,-1357,2457,2865,-1304,2517,2893,-1180,2581,3033,-1180,2769,3246,-1204,3026,3438,-1260,3278,3466,-1481,3158,3162,-1601,2881,2761,-1240,2541,0,
-700,-1689,3442,-776,-1545,3462,-784,-1677,3446,-544,-1933,3390,-368,-2149,3154,-356,-2349,2902,-360,-2545,2785,-296,-2766,2633,-164,-2965,2750,-200,-3069,2793,4096,
-268,-2677,3194,-284,-2849,2965,-436,-2938,2685,-552,-3033,2605,-600,-3130,2537,-536,-3242,2609,-464,-3294,2581,-444,-3226,2597,-480,-3030,2657,-468,-2865,2785,4096,
-256,-2641,2909,-460,-2553,2838,-492,-2573,2881,-432,-2613,2877,-416,-2597,2961,-420,-2585,2958,-448,-2529,2933,-412,-2389,2958,-396,-2313,3110,-480,-2133,3146,4096,
-516,-3182,2685,-496,-2829,2917,-536,-2425,3134,-516,-2233,3266,-428,-2253,3342,-296,-2341,3234,-219,-2429,3033,-188,-2629,3010,-244,-2845,2773,-328,-3066,2561,4096,
-320,-2701,2525,-328,-2585,2653,-380,-2337,2897,-332,-2225,3030,-196,-2293,3150,-36,-2297,3410,-11,-2445,3114,-43,-2593,2741,-108,-2665,2517,-135,-2741,2365,4096,
-444,-2870,2541,-432,-3053,2561,-312,-3173,2625,-276,-3226,2593,-296,-3226,2621,-260,-3142,2649,-304,-3042,2565,-244,-2938,2669,-115,-2893,2845,-67,-2834,2870,4096,
-1092,-3382,2105,-1040,-3246,2589,-872,-2933,2945,-788,-2509,3222,-848,-2189,3314,-880,-2149,3406,-512,-2445,3134,-336,-2729,2981,-148,-3026,2849,-63,-3258,2557,4096,
-680,-3346,2485,-792,-3150,2593,-1020,-2838,2477,-1228,-2641,2561,-1300,-2537,2773,-1296,-2453,2813,-1168,-2433,2990,-980,-2453,3058,-980,-2437,2970,-940,-2345,3046,4096,
-928,-3794,1845,-1080,-3658,2037,-1212,-3258,2185,-1312,-2917,2377,-1284,-2805,2733,-1196,-2601,2958,-1088,-2329,2841,-1108,-2285,2717,-1088,-2453,2589,-988,-2637,2565,4096,
-832,-3326,1793,-792,-3374,2205,-744,-3442,2397,-776,-3450,2281,-792,-3390,2329,-744,-3278,2621,-676,-3150,2701,-708,-3046,2469,-736,-2997,2209,-680,-3049,2097,4096,
-500,-2886,2782,-404,-2954,2705,-376,-3074,2617,-448,-3137,2365,-516,-3250,2145,-516,-3450,2117,-472,-3618,2177,-488,-3578,2221,-600,-3418,2085,-700,-3258,1965,4096,
2157,-1168,3166,2197,-1052,3218,2233,-968,3210,2193,-964,3238,2217,-976,3230,2205,-1020,3182,2233,-1108,3186,2173,-1216,3210,2189,-1312,3173,2213,-1429,3126,8192,
6420,-548,112,5840,-308,440,5808,112,476,6055,504,24,6152,584,-576,5992,284,-828,5847,-83,-500,5888,-416,-252,6152,-868,-224,6224,-1000,-512,8192,
2049,-2865,2477,1937,-2417,2397,1985,-1985,2349,1913,-1456,2197,1625,-992,2161,1296,-776,2341,1060,-868,2637,976,-1080,2597,1024,-1320,2373,1224,-1549,2125,8192,
2117,-2073,2769,2213,-1873,2825,2309,-1549,3017,2317,-1348,3166,2205,-1196,3262,2193,-1529,3306,2289,-1440,3082,2373,-1180,3162,2325,-1224,3166,2321,-1341,3146,8192,
-1529,-5023,4907,-720,-6592,6536,1909,-4695,1597,4919,-416,-2093,6192,308,500,5195,-1056,3278,3310,-1348,3826,1693,-308,3306,924,-440,3033,1560,-1917,4639,8192,
1881,-1300,2545,1649,-1232,1825,1284,-1208,1368,1060,-1289,1377,1268,-1432,1849,1913,-1592,2369,2617,-1657,2441,2897,-1569,2065,2673,-1413,1465,2265,-1256,1096,8192,
2297,-1869,2793,2281,-1885,2809,2253,-1897,2845,2237,-1885,2890,2233,-1821,2897,2285,-1761,2861,2325,-1737,2834,2349,-1713,2813,2353,-1729,2845,2325,-1753,2893,8192,
4711,-3602,-151,5163,-3330,-188,5699,-3121,-144,6068,-2893,-424,5964,-2461,-992,4691,-2177,-352,4331,-2445,300,4234,-2661,336,4370,-2857,131,4338,-2949,-167,8192,
2185,-1100,3526,2229,-1184,3430,2241,-1180,3350,2301,-1144,3290,2417,-1040,3238,2473,-1044,3226,2461,-1060,3222,2509,-1176,3154,2549,-1273,3078,2617,-1388,3006,8192,
2413,-1628,2809,2593,-1701,3494,2942,-1172,3710,2906,-528,4130,2437,-420,4070,2149,-764,3742,2265,-1164,3314,2441,-1309,2945,2417,-1341,2970,2301,-1332,3158,8192,
3754,-2505,1917,4014,-2465,1865,4058,-2377,1921,4182,-2389,2125,4515,-2413,2245,4843,-2377,2233,4915,-2277,2141,4763,-2201,2153,4543,-2145,2253,4370,-2129,2277,8192,
2537,-1649,2897,2541,-1669,2970,2509,-1777,3030,2485,-1893,2974,2557,-2125,2886,2565,-2253,2782,2581,-2357,2721,2593,-2417,2693,2589,-2517,2577,2609,-2533,2509,8192,
2329,-1304,3066,2321,-1488,2942,2345,-1492,2954,2337,-1465,3010,2349,-1361,3049,2377,-1341,3042,2409,-1332,2974,2433,-1361,2909,2389,-1497,2845,2337,-1585,2854,8192,
4499,-1937,2305,4474,-1933,2317,4519,-1709,2333,4442,-1372,2609,4843,-1436,3049,5439,-1176,2886,5439,-568,2365,4939,-108,2061,4455,52,2249,4318,-92,2453,8192,
2601,-2025,2997,2541,-2089,3105,2449,-1921,3142,2429,-1849,3146,2393,-1917,3053,2333,-2197,2809,2245,-2673,2285,2221,-3010,1725,2457,-2978,1565,3306,-2854,1649,8192,
2401,-2481,2601,2750,-1829,2945,2750,-1300,3378,2205,-1336,3898,1680,-1617,4098,1769,-1805,3810,2293,-1160,3526,2637,-932,3322,2389,-1296,3210,2145,-1841,3038,8192,
2457,-1605,3418,2417,-1925,3406,2469,-2021,3406,2629,-2101,3378,2834,-2229,3370,3074,-2305,3278,3338,-2281,3142,3662,-2189,3038,3886,-1653,2701,4038,-2593,2949,8192,
2377,-2405,2389,2169,-2493,2613,2097,-2553,2677,2141,-2485,2613,2197,-2513,2481,2237,-2457,2425,2141,-2477,2433,2021,-2597,2577,2053,-2477,2633,2097,-2461,2561,8192,
5155,-2605,3182,5431,-2373,2741,5651,-1748,2549,5791,-940,2697,5860,-180,2913,5755,376,2881,5595,412,2829,5824,-148,2942,6224,-560,2437,6364,-308,1048,8192,
2497,-1849,3218,2297,-2229,3090,2053,-2681,2961,2021,-2665,2457,2285,-2401,1769,3053,-2173,1660,4234,-2221,2201,5479,-2497,2709,6324,-3158,2637,7245,-4194,2834,8192,
2225,-1885,2785,2221,-1965,2725,2213,-1961,2761,2257,-1845,2829,2253,-1748,2909,2245,-1665,3022,2225,-1492,3154,2181,-1585,3173,2205,-1628,3058,2285,-1644,2922,8192,
5539,-99,476,5795,-560,-192,5763,-724,-1256,5567,-784,-1497,5143,-788,-964,4727,-996,-216,4603,-1429,284,4438,-1208,-63,2473,-424,160,-388,-3630,4162,8192,
3590,-2981,556,5659,-2349,1404,6912,-2697,2041,6612,-4243,1068,6828,-4603,1212,7493,-4102,2697,7208,-4030,4062,5752,-3858,3426,4194,-3069,2958,2990,-2085,3078,8192,
2565,-1420,2906,2493,-1497,2906,2389,-1617,2981,2305,-1689,2942,2281,-1753,2865,2277,-1845,2753,2217,-1933,2741,2137,-2081,2717,2073,-2269,2677,2045,-2457,2565,8192,
1769,-392,3026,2301,-572,3326,2922,-884,3526,3046,-836,3634,3066,-656,3862,3173,-448,4699,3470,-208,5395,3830,-203,5239,3506,-640,4370,2737,-1004,3498,0,
1997,-628,3058,1773,-388,2938,1769,-60,2829,1889,128,3094,2197,264,3430,2677,264,3698,3466,20,4367,4230,-424,4915,4635,-828,5071,4503,-980,4863,0,
3858,-236,3198,3654,-1060,2890,3486,-1352,2541,3286,-1289,2777,2949,-964,3498,2593,-420,3642,2281,-60,3666,2177,36,4050,2597,56,4142,3398,-63,3838,0,
-96,2085,3578,0,2177,3698,796,1993,3834,1845,1348,4178,2825,508,4603,3734,-480,4767,4254,-1680,4406,3906,-2649,3790,3134,-2893,3194,2105,-2525,2929,0,
2994,-92,3346,3370,264,3518,3378,332,3850,3134,392,4442,3101,668,4675,3402,780,4447,3786,384,4150,3906,-348,3974,3694,-712,3946,3674,-652,4262,0,
3134,-580,4134,3454,-592,3478,3182,-632,3898,3222,-60,3878,3598,188,3702,4102,-340,3654,4342,-1184,3366,4222,-1669,3250,3922,-1581,3666,3902,-1276,4715,0,
2353,-1016,3338,2229,-772,3666,2337,-452,3606,2569,-332,3454,2789,-412,3186,2854,-1000,2994,2881,-1689,3001,3066,-2041,3146,3354,-1921,3750,3398,-1569,4134,0,
3134,-1492,2693,2945,-828,3346,2938,-8,3790,3150,344,3514,3294,-184,3230,3202,-828,3610,3262,-708,4034,3538,-104,4002,3490,276,4139,3154,412,4342,0,
988,-1300,2245,920,-1084,1877,904,-1184,1705,1076,-1228,1861,1529,-1152,2033,2389,-1160,2397,3402,-1212,2661,4126,-1420,2657,4198,-1773,2277,3830,-2089,1909,0,
280,-1893,2581,676,-1644,2990,1393,-1565,3094,2369,-1709,3166,3398,-2057,3286,3918,-2425,3342,3726,-2497,3314,3234,-2281,3398,2605,-2137,3530,2117,-2017,3686,0,
-268,-1084,3053,-472,-1124,2849,-736,-1024,2750,-900,-1092,3014,-732,-1601,3238,-276,-1949,2769,-164,-1673,2353,-532,-1344,2285,-952,-1404,2834,-1020,-1769,3398,4096,
-432,-1192,2633,-624,-1436,2301,-920,-1677,2766,-1080,-1765,3001,-944,-1685,2645,-696,-1540,3014,-572,-1368,3354,-572,-1236,3154,-712,-1140,3098,-876,-1116,3226,4096,
-492,-1273,2906,-148,-1413,2886,-292,-1621,3186,-680,-1348,3206,-940,-876,3146,-960,-708,3098,-992,-860,2649,-952,-1024,1949,-1096,-940,1777,-1380,-1056,3001,4096,
-344,-1540,2909,-47,-1176,2845,-348,-892,3017,-832,-636,3194,-1128,-288,3298,-1168,-76,3510,-992,-284,3518,-800,-548,3226,-676,-748,2821,-720,-1072,2693,4096,
-952,-1753,2473,-812,-1585,2285,-740,-1497,2809,-608,-1429,3318,-480,-1264,3173,-416,-1012,3110,-552,-736,3166,-804,-624,3234,-932,-780,3218,-884,-916,2970,4096,
-716,-1777,2981,-540,-2177,2906,-308,-2337,2974,-328,-1449,3394,-736,-1004,3430,-1012,-932,3490,-996,-992,3494,-760,-1016,3098,-568,-1004,2737,-608,-1056,2926,4096,
-1148,-1805,2397,-1325,-1881,3430,-1164,-1465,3582,-696,-972,3394,-448,-848,3154,-572,-948,3038,-784,-1052,3154,-880,-976,3510,-812,-820,3386,-748,-872,3158,4096,
-704,-952,3546,-604,-944,3394,-668,-816,3105,-792,-696,3121,-904,-716,3242,-944,-856,3334,-840,-1260,3590,-680,-1753,3398,-500,-2069,3026,-396,-1993,3033,4096,
-1012,-916,3646,-924,-884,3822,-804,-824,3566,-864,-1016,3270,-860,-1424,3298,-832,-1316,3438,-764,-1108,3934,-572,-1180,3974,-632,-1168,3354,-744,-1221,3049,4096,
2117,-1445,3098,2181,-1524,3022,2281,-1608,2961,2385,-1677,2938,2469,-1769,2893,2689,-1905,2870,2893,-2045,2870,3090,-2177,2870,3126,-2149,2829,3010,-2189,2825,0,
2701,-564,2461,2834,-336,2689,3130,-83,2893,3446,-112,3049,3698,-476,3022,3906,-828,2906,3966,-1196,2677,3950,-1517,2433,3862,-1669,2341,3766,-1677,2333,0,
3466,-1309,2445,3366,-1481,2441,3450,-1497,2441,3662,-1637,2385,3898,-1789,2417,4054,-2037,2505,4070,-2333,2437,4098,-2489,2469,4090,-2357,2477,3970,-2177,2381,0,
3062,-1096,1873,3914,-260,2433,4559,-356,2845,4755,-1200,3242,4811,-1748,3326,4931,-2017,2970,4995,-2285,2093,4651,-2521,1576,3886,-2653,1368,2913,-2441,808,0,
2961,-1276,2321,2870,-1264,2325,2849,-1236,2361,3014,-1120,2457,3206,-948,2601,3318,-896,2750,3402,-1040,2873,3502,-1164,2865,3538,-1256,2661,3346,-1336,2093,0,
4699,-564,3053,4262,-232,2854,3730,79,2653,3290,196,2449,2961,108,2185,2717,67,2093,2717,-4,2121,2990,-151,2205,3398,-444,2373,3934,-728,2417,0,
3046,-1465,1973,2750,-1605,1881,2673,-1316,2097,2873,-676,2413,3194,-172,2705,3498,-43,3082,3786,-164,3482,3978,-576,3430,4070,-1016,3058,3978,-1252,2329,0,
4034,-244,2865,4370,-460,2906,4507,-812,2902,4379,-1152,2729,4134,-1364,2369,3786,-1377,2113,3478,-1224,1696,3178,-1180,1120,2841,-1036,1393,2750,-580,1865,0,
3482,-448,2958,3902,-288,3189,4266,-324,3374,4370,-364,3402,4474,-372,3438,4503,-392,3362,4451,-372,3326,4374,-380,3173,4198,-480,2897,3962,-712,2593,0,
4295,-1565,2589,4358,-1813,1989,4098,-2309,1152,3426,-2109,1893,3658,-1524,2085,4014,-1136,2317,4370,-1320,2661,4803,-1793,3478,5207,-1901,3794,5315,-2181,3450,0,
-24,-2205,2793,76,-2329,2773,172,-2385,2714,120,-2221,2489,-108,-2129,2245,-400,-2205,2261,-440,-2209,2601,-135,-2077,2849,208,-1953,2857,219,-2045,2909,4096,
-464,-2990,2249,-63,-2961,2429,352,-2649,2453,236,-2237,2565,-148,-1937,2834,-312,-2005,3066,-52,-2169,3098,212,-2137,2857,172,-2181,2581,-15,-2433,2501,4096,
-15,-2445,2237,27,-2629,2433,364,-2890,2757,636,-2922,2477,380,-2766,2037,-96,-2782,1905,-332,-2854,2205,-63,-2613,2549,264,-2169,2789,256,-1660,2821,4096,
2297,-4318,2441,2373,-4519,1276,1985,-4270,47,1024,-3690,-11,-72,-3137,852,-704,-2733,2197,-216,-2565,3142,1080,-2838,3426,2109,-3062,3137,2085,-2873,2069,4096,
836,-2766,3362,1497,-3105,3614,1817,-2997,3198,1252,-2121,2881,252,-1284,2849,-532,-1088,2873,-640,-1309,3014,-120,-1677,3178,724,-2197,3094,1112,-2381,2397,4096,
500,-2569,1497,47,-2733,1100,-308,-2769,1036,-288,-2489,1705,120,-2001,2377,756,-1625,3282,1524,-1477,4314,1897,-1372,4295,1461,-1221,3482,664,-1148,2849,4096,
488,-2841,2593,1036,-2761,2513,1296,-2521,2185,940,-2265,1977,364,-2173,2101,11,-2277,2353,88,-2233,2613,396,-2077,2569,608,-2005,2201,576,-2201,2021,4096,
672,-2221,2766,736,-2577,2437,740,-2761,2097,548,-2697,1553,124,-2405,1344,-140,-2001,1757,31,-1737,2297,420,-1540,2657,636,-1248,2605,640,-1072,2701,4096,
256,-3510,2753,764,-3554,2501,772,-2981,1901,208,-2389,1625,-320,-2245,2257,-320,-2405,2997,212,-2521,3085,644,-2329,2761,540,-2141,2365,328,-2233,2257,4096,
2157,-1168,3166,2197,-1052,3218,2233,-968,3210,2193,-964,3238,2217,-976,3230,2205,-1020,3182,2233,-1108,3186,2173,-1216,3210,2189,-1312,3173,2213,-1429,3126,8192,
1741,-2509,2906,1785,-2365,3150,1929,-2265,3298,2065,-2225,3462,2173,-2361,3446,2189,-2425,3318,2053,-2537,3262,2029,-2533,3066,1957,-2549,2978,1925,-2565,2974,0,
2001,-2105,3250,1901,-2149,3214,1769,-2165,3218,1693,-2149,3238,1685,-2121,3326,1877,-2089,3414,2133,-2069,3510,2245,-2053,3782,2177,-1925,4010,2049,-1748,4347,0,
1813,-2313,3158,1725,-2305,3049,1617,-2281,3017,1576,-2241,3094,1649,-2153,3246,1781,-2145,3426,1933,-2201,3590,2025,-2169,3706,1909,-2113,3866,1673,-1977,4022,0,
1397,-2665,2453,1540,-2517,2597,1689,-2329,2773,1761,-2181,3022,1865,-2097,3386,2049,-2049,3678,2245,-1969,3874,2249,-1825,4030,2081,-1689,4070,1881,-1641,3958,0,
1961,-2681,2657,1953,-2585,2605,1921,-2377,2733,1913,-2209,2886,2045,-2101,2938,2161,-2013,3038,2173,-2065,3218,2301,-2137,3110,2377,-2201,2997,2349,-2417,2834,0,
2341,-2577,2697,2445,-2473,2761,2353,-2401,2873,2197,-2357,2990,2193,-2373,3026,2317,-2377,2990,2417,-2353,2970,2381,-2301,2922,2265,-2317,3062,2269,-2285,3218,0,
1873,-2409,2601,1929,-2277,2818,2025,-2133,2965,2149,-2145,3118,2317,-2189,3014,2385,-2293,2753,2221,-2349,2605,1845,-2429,2649,1685,-2493,2802,1865,-2417,2841,0,
1877,-2753,2201,2037,-2581,2425,2129,-2217,2970,2177,-2193,3230,2321,-2169,3390,2405,-2181,3514,2461,-2133,3506,2473,-2089,3478,2449,-2045,3422,2433,-1989,3414,0,
2137,-2429,2401,2117,-2205,2873,2169,-2145,3194,2405,-2109,3282,2693,-2205,3173,2802,-2305,2906,2633,-2409,2870,2409,-2461,2834,2277,-2541,2825,2437,-2541,2789,0,
-3130,-1769,1741,-3170,-1777,1560,-3246,-1789,1397,-3274,-1841,1377,-3278,-1837,1316,-3306,-1753,1304,-3378,-1660,1296,-3438,-1617,1289,-3454,-1520,1413,-3282,-1540,1456,4096,
-3214,-1925,1689,-3173,-2017,1737,-3110,-2197,1877,-3049,-2165,1957,-3130,-1937,1773,-3354,-1625,1669,-3486,-1409,1628,-3402,-1289,1553,-3282,-1164,1468,-3198,-1292,1549,4096,
-3078,-1144,2037,-2974,-1413,2045,-2753,-1785,2037,-2613,-1909,1953,-2669,-1949,2013,-2709,-1845,2109,-2714,-1569,2185,-2797,-1268,2297,-2893,-1056,2301,-3006,-896,2193,4096,
-2533,-2417,1797,-2389,-2365,1969,-2561,-2093,2181,-2838,-1508,2213,-3042,-1076,2469,-3049,-828,2577,-3074,-732,2621,-3246,-716,2429,-3442,-736,2269,-3590,-652,2021,4096,
-3326,-848,1829,-3694,-428,1449,-3790,-216,1116,-3926,0,652,-4010,-180,440,-3634,-1565,1364,-2193,-2958,2513,-980,-2369,2886,-2081,-1289,2513,-3390,-580,2293,4096,
-2721,-1244,2729,-2958,-936,2505,-3189,-696,2429,-3346,-544,2225,-3418,-472,1961,-3490,-360,1673,-3654,-628,1977,-2929,-1877,2841,-2037,-2521,3105,-1292,-2845,3017,4096,
-3134,-1789,1508,-3058,-1777,1729,-2954,-1625,1777,-3033,-1400,1637,-3310,-1112,1497,-3370,-1088,1429,-3262,-1128,1384,-3262,-1140,1344,-3290,-1072,1184,-3338,-848,852,4096,
-3173,-1693,1705,-2949,-1813,1937,-2978,-1468,1953,-3326,-1096,1841,-3574,-956,1809,-3546,-824,1793,-3450,-956,1905,-3282,-1024,1929,-3390,-836,1665,-3578,-796,1508,4096,
-3101,-2017,1605,-3178,-1949,1565,-3178,-1933,1533,-3154,-1841,1520,-3142,-1825,1508,-3105,-1817,1592,-3030,-1913,1673,-2981,-1765,1653,-3098,-1576,1572,-3198,-1416,1416,4096,
1309,-1592,3762,1377,-1533,3822,1696,-1628,3886,1909,-1937,3966,2041,-2265,4058,2097,-2421,4106,1945,-2449,4050,1617,-2489,4102,1357,-2437,4178,1244,-2337,4139,0,
1921,-1961,3618,1961,-2129,3674,2025,-2345,3902,2221,-2077,3682,1865,-1745,3538,1348,-1556,3914,1508,-1304,3798,1777,-1280,3794,1897,-1485,3786,1969,-1789,3806,0,
1537,-1617,3594,1352,-1429,3662,1404,-1309,3658,1637,-1292,3634,1789,-1424,3614,1881,-1649,3582,1869,-1921,3498,1833,-2189,3514,1829,-2425,3490,1485,-2097,2902,0,
1280,-1572,3674,1341,-1597,3694,1424,-1729,3754,1497,-1869,3786,1553,-2021,3866,1605,-2125,3898,1597,-2197,3814,1508,-2193,3710,1264,-1997,3238,872,-1805,3206,0,
1424,-1637,3382,1280,-1452,3470,1328,-1413,3558,1508,-1452,3586,1628,-1589,3558,1649,-1797,3566,1660,-1929,3638,1701,-2033,3570,1628,-2157,3530,1492,-2025,3298,0,
1540,-1549,3942,1625,-1549,3982,1628,-1553,4074,1653,-1565,4038,1649,-1717,4018,1621,-1881,3946,1589,-2057,3926,1589,-2185,3870,1556,-2261,3718,1429,-2361,3590,0,
1276,-1413,3222,1361,-1400,3370,1513,-1504,3498,1613,-1696,3582,1669,-1893,3678,1721,-2129,3770,1733,-2237,3750,1644,-2297,3698,1540,-2293,3666,1372,-2181,3374,0,
1853,-2085,3530,1805,-1993,3410,1693,-1921,3426,1657,-1797,3394,1685,-1865,3458,1825,-1997,3486,1937,-2213,3510,2097,-2838,3778,2209,-2653,3558,1901,-2517,3418,0,
1572,-1981,3226,1212,-1797,3226,1148,-1689,3246,1689,-1889,3290,1809,-2141,3274,1789,-2441,3466,1829,-2689,3690,1933,-2838,3778,1957,-2825,3730,1745,-2341,3210,0,
1693,-1877,3654,1725,-1969,3634,1745,-1957,3534,1709,-1893,3698,1725,-1741,3674,1669,-1657,3710,1625,-1705,3782,1777,-1845,3766,1929,-2041,3658,1997,-2349,3510,0,
-3130,-2361,1108,-3026,-2457,1068,-3142,-2325,816,-3406,-2137,648,-3602,-1713,740,-3570,-1540,844,-3306,-1332,1361,-2906,-1124,2261,-2473,-996,3105,-2149,-1012,3658,4096,
-3374,-1060,2113,-3482,-972,2001,-3434,-1008,1873,-3210,-1276,2029,-2994,-1380,1949,-3094,-1432,1789,-3234,-1432,1753,-3170,-1361,1989,-2929,-1461,2217,-2841,-1520,2025,4096,
-3114,-588,2617,-3294,-704,2317,-3270,-1068,1793,-3322,-1184,1845,-3346,-1192,1696,-3406,-1328,1240,-3550,-1348,1016,-3610,-1168,1825,-3033,-1204,2773,-2401,-1576,2641,4096,
-3298,-1264,2093,-3310,-1481,1909,-3302,-1696,2009,-3254,-1789,1949,-3238,-1889,1717,-3330,-1921,1585,-3370,-1705,1729,-3262,-1572,1721,-3082,-1805,1465,-3082,-1801,1813,4096,
-2949,-1112,2421,-3014,-1068,2325,-2990,-1132,2265,-2961,-1216,2201,-3110,-1325,2053,-3150,-1461,2025,-3074,-1597,2085,-2990,-1693,1921,-3058,-1748,1781,-3194,-1669,1677,4096,
-2845,-1409,2101,-2886,-1465,2053,-2877,-1581,1929,-2854,-1625,1933,-2933,-1449,2001,-3038,-1456,1805,-3101,-1537,1601,-3214,-1537,1400,-3206,-1380,2145,-2838,-1364,2441,4096,
-3110,-1504,1753,-3098,-1601,1621,-3118,-1741,1513,-3126,-1777,1576,-3162,-1717,1492,-3230,-1753,1477,-3214,-1581,1497,-3258,-1332,1592,-3362,-1080,2081,-3270,-1096,2193,4096,
-2942,-1821,1941,-2870,-1957,1965,-2902,-1977,1849,-3014,-1889,1709,-3101,-1873,1608,-3134,-1689,1689,-3189,-1556,1644,-3250,-1625,1248,-3326,-1660,1336,-2757,-1805,1981,4096,
-3137,-1741,1841,-2974,-1821,1909,-3150,-1689,1709,-3374,-1581,1429,-3422,-1644,1284,-3266,-1801,1336,-3142,-1925,1465,-3105,-1985,1420,-3194,-1921,1472,-3254,-1853,1420,4096,
-3322,-1300,1488,-3482,-1128,1601,-3414,-1120,1865,-3142,-1144,2073,-3110,-1028,2185,-3274,-936,1961,-3406,-1012,1777,-3362,-1244,1585,-3274,-1592,1413,-3198,-1917,1316,4096,
1328,-1685,3402,1352,-1665,3406,1341,-1644,3414,1300,-1633,3406,1184,-1725,3410,1176,-1809,3310,1196,-1849,3258,1200,-1845,3310,1240,-1813,3334,1224,-1821,3326,8192,
4807,-224,2049,4927,128,1993,3130,1520,-552,-1228,-716,3774,1156,-4438,5971,4663,-5611,3774,5027,-3638,1649,1781,-3030,3033,-848,-2829,4034,156,-1172,4543,8192,
-460,-2229,2289,-344,-2073,2629,-128,-1644,2970,164,-1264,3278,460,-1076,3582,776,-1004,3754,1116,-972,3890,1472,-860,3974,1745,-812,3994,1869,-752,3862,8192,
1701,-1072,3842,1689,-1368,3654,1621,-1597,3722,1556,-1669,3706,1488,-1741,3822,1364,-1869,4086,1012,-1885,4379,1136,-1817,4655,1393,-1845,4803,1572,-2025,4931,8192,
1601,-1585,3346,1617,-1549,3326,1644,-1416,3382,1589,-1545,3398,1605,-1468,3418,1621,-1472,3382,1644,-1465,3394,1717,-1388,3358,1748,-1368,3366,1729,-1352,3390,8192,
1120,1309,3850,1104,1248,3986,1156,1200,3998,1124,1116,3910,1008,892,4010,960,704,3930,880,444,3738,800,72,3626,732,-252,3534,724,-416,3466,8192,
1016,-1949,3294,1216,-1877,3346,1633,-1465,3518,1677,-1332,3678,1485,-1292,3702,1357,-1452,3614,1336,-1504,3494,1341,-1553,3434,1312,-1592,3402,1208,-1701,3426,8192,
-2449,-5279,5019,2857,-5739,4630,5511,-3526,1352,3914,-1328,1701,372,-888,4290,-888,276,5892,936,1316,5007,2949,404,5227,3618,-1456,5463,3574,-2089,4835,8192,
3550,-3770,2397,3814,-3842,2870,4194,-4090,3250,4666,-4282,3358,5071,-4386,3186,5323,-4402,3062,5463,-4367,2958,5655,-4110,3170,5736,-3422,3430,5835,-2677,4094,8192,
1232,-1709,3990,1016,-1913,3970,972,-2005,4110,932,-2009,4471,1076,-1817,4807,1413,-1909,5175,1969,-1637,5267,2333,-1284,5335,2385,-1440,5339,3206,-1765,6228,8192,
1456,-1212,3506,1485,-1196,3494,1513,-1168,3474,1504,-1156,3506,1497,-1120,3526,1524,-1124,3514,1520,-1112,3526,1517,-1064,3566,1520,-1076,3578,1540,-1020,3526,8192,
2906,-1344,1705,2834,-1517,1933,2954,-1725,2337,2785,-1753,2165,2585,-1705,1977,2289,-1533,1608,1224,-432,1036,-664,1348,2861,-2225,-1937,5515,1400,-4066,5655,8192,
1641,-1853,3254,1893,-1709,3342,2205,-1757,3222,2405,-1765,3038,2569,-1849,3242,2877,-2121,3358,3146,-2557,3130,3202,-3646,3130,2637,-5051,3010,2081,-4114,2629,8192,
1357,-1341,3646,1364,-1344,3638,1404,-1492,3470,1420,-1569,3358,1436,-1549,3318,1481,-1361,3426,1485,-1200,3526,1488,-1200,3562,1440,-1284,3518,1413,-1325,3474,8192,
5215,-844,3518,5023,-700,2985,4843,-536,2453,4807,-368,2109,5668,-268,2605,5892,-200,2185,5632,-104,1657,5135,36,1236,4779,-60,1056,4815,-396,1384,8192,
6048,-6256,6772,7100,-7208,6392,4863,-7561,6892,2101,-6496,5915,120,-5019,3642,-800,-4170,3194,-736,-3662,3105,-308,-2938,3049,0,-2089,3134,-4,-1364,3826,8192,
1621,-1481,3494,1628,-1452,3526,1669,-1465,3494,1696,-1501,3478,1721,-1465,3514,1717,-1492,3506,1748,-1504,3518,1785,-1485,3550,1793,-1432,3682,1809,-1377,3814,8192,
1540,-1196,3482,1549,-1200,3490,1585,-1192,3486,1621,-1156,3466,1625,-1156,3438,1569,-1216,3454,1556,-1252,3462,1556,-1336,3438,1533,-1372,3442,1520,-1413,3410,8192,
4279,-2061,3170,4030,-1981,2945,3506,-1893,2729,3010,-2021,2381,3414,-2441,2802,3914,-2597,3017,4182,-2585,2913,4086,-2561,2673,3758,-2353,2081,3502,-2457,1680,8192,
1517,-1409,3506,1592,-1416,3486,1565,-1409,3542,1416,-1581,3494,1284,-1673,3406,1445,-1549,3286,1753,-1364,3526,1865,-1309,3374,1901,-1364,3534,2125,-1296,3750,8192,
1152,-1452,3466,1020,-1628,3362,964,-1809,3422,1052,-1929,3262,1056,-2021,3222,1076,-1921,3318,1072,-1865,3262,1076,-1865,3266,1088,-1793,3318,1092,-1737,3350,8192,
4991,-2906,4342,5059,-2802,4178,5119,-2633,4182,5371,-2513,4510,5967,-2385,5431,6156,-1897,5239,5695,-1300,4659,5123,-936,4426,4891,-824,4110,4935,-628,3534,8192,
2105,-1941,5031,2189,-2277,5135,2169,-2809,5247,2093,-3722,4627,2797,-4951,4311,3950,-5668,5303,6060,-5935,6452,7112,-5403,7308,6184,-5047,6872,3194,-4182,6632,8192,
1456,-1424,3530,1468,-1296,3558,1492,-1156,3578,1545,-1128,3590,1601,-1080,3582,1644,-1056,3546,1685,-1060,3530,1680,-1048,3514,1625,-1160,3546,1613,-1216,3506,8192,
1060,-3189,3942,1372,-3118,3994,1608,-3001,4070,1825,-2909,4259,2181,-2917,4347,2517,-3042,4383,2569,-3218,4438,2461,-3306,4243,1821,-3158,3914,988,-2965,3626,0,
1869,-2757,2978,1733,-2625,2949,1701,-2697,2933,1733,-2942,2834,1853,-3226,2933,2233,-3730,2877,2581,-3934,2789,2449,-3990,2838,2209,-4106,2733,1929,-3802,2705,0,
2357,-2513,3330,2309,-2714,3146,2265,-3049,3022,2173,-3266,2849,2105,-3326,2745,2129,-3318,2705,2157,-3202,2673,2177,-3046,2589,2301,-2945,2653,2409,-2897,2761,0,
1893,-2449,3214,1725,-2493,3182,1653,-2625,3046,1680,-2789,2938,1813,-2913,2841,2009,-3118,2845,2169,-3154,2897,2349,-3126,2929,2465,-3058,2902,2541,-2981,2917,0,
1701,-2437,2877,2025,-2665,2821,2285,-2761,2813,2465,-2890,2845,2569,-2997,2870,2609,-3046,2861,2537,-3046,2849,2381,-3014,2857,2241,-2949,2890,2105,-3001,2838,0,
536,-1789,2529,1068,-1817,2653,1753,-1748,2861,2725,-1713,3046,3698,-1765,3130,4191,-1925,3398,4182,-1981,3626,3970,-1861,3902,3686,-1845,3878,3330,-2053,3858,0,
1481,-2902,2645,1440,-3062,2573,1524,-3250,2609,1853,-3654,2725,2553,-4490,2854,3510,-5059,2641,3338,-4815,2333,2105,-3770,2477,692,-2581,2457,-336,-1985,2589,0,
1741,-1773,3090,2193,-1885,3234,2685,-1953,3170,3254,-1865,3274,3774,-1813,3486,3898,-1653,3718,3482,-1368,3846,2870,-1413,3758,2285,-1513,3594,1849,-1553,3354,0,
2213,-1569,3246,2389,-1909,3150,2645,-2285,3058,2745,-2573,3058,2721,-2785,3017,2581,-2922,3017,2473,-3022,2997,2445,-3038,2981,2441,-2985,3022,2353,-2965,3030,0,
-2313,-1504,2633,-1945,-1913,3546,-188,-2225,2365,-472,-2205,2385,-1617,-1837,2321,-2877,-1224,2169,-3546,-1368,2393,-3250,-1388,2245,-2821,-1348,1897,-2577,-1537,2093,4096,
-1492,-1256,3137,-1325,-1104,3338,-536,-1188,3542,-440,-1096,3370,-860,-1140,2994,-1576,-1088,2609,-2301,-1016,2217,-2685,-1032,2317,-2529,-1120,2589,-1961,-1332,2621,4096,
-940,-1468,3402,-140,-1504,3626,128,-1432,3814,-43,-1172,3730,-544,-1056,3150,-1244,-1064,2509,-1965,-872,2229,-2581,-648,2085,-2825,-832,2357,-2441,-1172,2493,4096,
-2421,-1341,2617,-2133,-1613,3226,-1112,-1909,3738,76,-1949,3686,176,-1673,3882,-464,-1052,3834,-1132,-736,3322,-1617,-740,2886,-2053,-576,2489,-2637,-644,2161,4096,
-1196,-1377,3294,-1445,-1228,3166,-1733,-1208,2757,-2237,-1020,2081,-2902,-980,1929,-3182,-1032,2553,-2741,-1152,2557,-1608,-1404,2409,-328,-1644,2397,536,-1789,2529,4096,
-1104,-1761,3222,-1717,-1549,2954,-1977,-1452,2701,-2189,-1160,2333,-2485,-1008,2077,-2737,-1088,2125,-2805,-1240,2429,-2417,-1132,3046,-1461,-1361,3378,-264,-1693,3306,4096,
-1064,-1028,3302,-1613,-968,2834,-1937,-504,2797,-2165,-244,2485,-2405,-424,2185,-2581,-696,1985,-2581,-676,1953,-2489,-768,1949,-1881,-1312,2505,-396,-1881,3370,4096,
-2149,-1232,2477,-2065,-1481,2413,-2201,-1589,2341,-2433,-1709,2093,-2797,-1545,1841,-3049,-1156,1729,-2797,-1092,1921,-1969,-1060,2477,-1016,-1052,3049,-248,-996,3618,4096,
-2741,-1152,2309,-2865,-736,1777,-3222,-708,1416,-3522,-844,1628,-3366,-784,1649,-2649,-1228,1953,-1344,-1601,2617,428,-1949,3202,2233,-2237,3898,2769,-1809,4499,4096,
6039,-2861,3222,4907,-1717,2733,5251,-1669,3010,5804,-1592,2093,5531,-1208,1176,4923,-600,652,4887,-304,1312,6396,-564,2033,7281,-976,952,7725,-772,-492,8192,
3818,-4415,3069,3826,-4510,2521,3282,-4410,2441,2697,-4106,2453,2333,-3546,2777,2493,-3314,3286,3053,-3310,3322,3802,-2821,3806,4526,-2081,4875,5239,-1608,5299,8192,
784,-1805,3126,992,-1773,3350,1132,-1533,3398,1348,-1273,3554,1705,-880,3830,1933,-528,3910,1997,-616,3898,2109,-812,4002,2005,-708,3990,1793,-772,3914,8192,
1644,-2381,3830,1961,-2401,3990,3354,-2581,5483,5684,-3186,6820,6520,-3274,7008,5603,-2357,6180,4483,-2353,6016,3053,-4030,7092,308,-5219,6408,-652,-3710,5279,8192,
1789,-1304,3454,1829,-1289,3470,1897,-1240,3490,1877,-1296,3534,1885,-1300,3586,1953,-1212,3578,2005,-1172,3574,2057,-1048,3526,2165,-896,3498,2241,-852,3394,8192,
1677,-1673,3350,1753,-1569,3322,1769,-1585,3230,1825,-1572,3262,1857,-1637,3302,1833,-1605,3358,1793,-1745,3422,1833,-1608,3390,1773,-1501,3462,1817,-1589,3394,8192,
1148,-1941,3382,1380,-2077,3310,1504,-2233,3274,1657,-2153,3302,1721,-1641,3394,1717,-1300,3498,1644,-1284,3618,1481,-1309,3586,1384,-1481,3518,1352,-1628,3434,8192,
6256,-4803,5736,4503,-2237,3966,3682,1120,4034,2457,1508,6100,2233,-1341,5435,2305,-3886,3350,1925,-3782,3922,1228,-2293,4122,416,-1592,3338,568,-2249,3646,8192,
5539,-1188,4374,5723,-744,3942,6248,-352,3650,6208,-408,3202,6176,-264,2465,6404,-232,1845,6352,-472,1273,6104,-1152,524,5752,-2273,96,5151,-3206,-180,8192,
3502,-276,4587,3638,516,4591,3826,1152,4519,4178,1320,4262,4158,1320,3994,4022,956,3626,3886,496,3446,3858,108,3506,4074,-444,3542,4855,-1260,4170,8192,
768,-1416,2397,728,-1845,2305,1216,-1973,2633,1621,-1677,2929,1769,-1325,2906,1881,-1256,2958,2037,-1284,2985,2101,-1357,3085,2049,-1565,3137,1985,-1937,3242,8192,
1413,-1200,3490,1400,-1160,3518,1413,-992,3514,1276,-996,3622,1256,-968,3662,1273,-1180,3734,1221,-1224,3886,1172,-1397,3818,1096,-1617,3878,1132,-1725,3962,8192,
1445,-1753,3306,1413,-1893,3306,1400,-1965,3290,1393,-1989,3270,1364,-2029,3258,1409,-2049,3262,1465,-1845,3334,1581,-1617,3390,1745,-1336,3442,1841,-1120,3458,8192,
1637,-2181,3218,804,-2997,3286,660,-2834,3446,1116,-1705,3254,1641,-912,3666,1685,-1020,3626,1685,-1461,3594,1685,-1572,3354,1404,-1905,3294,1296,-2093,3270,8192,
4739,-636,2113,3006,-1284,2549,-2577,-4034,5359,576,-6976,2201,4370,-7568,2741,6268,300,5455,4062,4234,3998,-264,1621,4331,-376,-3110,2293,1084,-3378,4042,8192,
2877,-1745,3234,2617,-1368,3278,2473,-716,3378,2873,-124,3566,3466,444,4186,3758,1144,4619,4026,1529,4483,3974,1364,4070,3630,1004,3574,3570,624,3101,8192,
1673,-2469,2569,2053,-2838,2753,2561,-3338,2909,2845,-3858,2893,2845,-4311,2637,2893,-4959,2409,2981,-5595,2481,2985,-5699,2589,3254,-5299,2965,3610,-4923,3314,8192,
1244,-1384,3482,1280,-1361,3466,1377,-1336,3426,1404,-1221,3506,1436,-1192,3518,1404,-1188,3542,1332,-1273,3550,1300,-1361,3558,1273,-1357,3614,1328,-1364,3638,8192,
1236,-1845,3322,1312,-1889,3318,1268,-1969,3350,1312,-1997,3246,1168,-2101,3238,1092,-2173,3230,1148,-2105,3230,1244,-2053,3266,1200,-2057,3306,1144,-2093,3334,8192,
6976,-4727,4623,5720,-248,6396,5235,1885,4034,4066,1224,4499,2085,-904,5283,1601,-2533,4078,2505,-2938,3173,2401,-2669,2782,996,-2857,3342,604,-2649,3394,8192,
4731,-328,2701,4555,-856,2750,4487,-1044,2013,4598,-1200,1116,4659,-1713,1028,4587,-2261,1296,4379,-2601,1364,4290,-2769,1304,4150,-2665,1128,4166,-2545,1124,8192,
1849,-1933,3534,2069,-1809,3698,2485,-1748,3830,3414,-1520,4182,3810,-1572,4503,3766,-1680,3806,3782,-1432,3562,4347,-1112,4655,4086,-1540,5479,4050,-1945,3730,8192,
2149,-1613,5992,1953,-1592,5687,1393,-3606,4082,700,-3658,2561,468,-1877,3494,52,-496,3470,-404,-400,3366,-556,-692,4170,-256,-572,3982,408,-724,3742,8192,
1877,-1260,3346,1613,-740,3634,1524,-604,3906,1388,-788,3886,1332,-1064,3778,1336,-1533,3534,1264,-1957,3374,1172,-2061,3294,1208,-1953,3286,1325,-1729,3290,8192,
2493,-1837,3338,2401,-2021,3238,2289,-2017,3098,2153,-1913,3074,2189,-1769,3146,2473,-1680,3286,2721,-1709,3410,2649,-1821,3386,2349,-1929,3258,2033,-1937,3121,0,
1933,-2121,3186,2017,-2097,3258,2265,-2045,3258,2465,-2113,3290,2505,-2149,3278,2481,-2201,3290,2433,-2213,3266,2329,-2317,3182,2149,-2469,3090,2033,-2457,2942,0,
2053,-1901,3246,2393,-1769,3410,2393,-1765,3390,2341,-1945,3270,2473,-1801,3158,2677,-1693,3126,2709,-2021,3154,2493,-2465,3062,2241,-2673,2886,1977,-2673,2693,0,
2481,-2365,2985,2453,-2513,3114,2285,-2733,3090,2157,-2849,3030,2257,-2509,3006,2461,-2113,3178,2521,-1917,3414,2437,-1901,3566,2237,-1925,3518,2089,-1841,3398,0,
1929,-2317,2809,2101,-2193,2881,2233,-2389,3010,2077,-2529,2958,2285,-2281,2933,2629,-2069,3033,2701,-2301,3142,2485,-2565,3130,2305,-2513,3053,2301,-2257,3010,0,
2097,-2081,3094,2321,-2093,3033,2501,-2293,3042,2573,-2413,3094,2625,-2365,3166,2681,-2321,3254,2617,-2353,3278,2437,-2401,3254,2229,-2357,3166,2053,-2293,3105,0,
1545,-3646,2457,1597,-3346,2497,1929,-2717,2673,2313,-2153,2994,2597,-1917,3326,2641,-2005,3514,2557,-2209,3474,2569,-2217,3278,2573,-2229,3066,2405,-2337,3001,0,
1761,-2157,3166,1825,-2117,3101,2005,-2153,3094,2241,-2209,3194,2553,-2269,3318,2978,-2485,3462,3154,-2577,3614,2789,-2437,3598,2177,-2237,3506,1485,-2109,3402,0,
2065,-3030,2465,1877,-3042,2489,1785,-2906,2517,2009,-2533,2605,2357,-2221,2841,2593,-2053,3118,2561,-2053,3274,2297,-2197,3270,1985,-2301,3137,1877,-2201,3062,0,
2553,-2121,3069,2133,-2461,2881,1677,-2958,2593,1617,-2913,2413,2161,-2385,2473,2609,-2229,2825,2589,-2437,3182,2429,-2449,3386,2353,-2253,3278,2213,-2205,3173,0,
-580,-2605,2221,-720,-2489,2133,-964,-2377,1973,-1372,-2289,1741,-1785,-2237,1529,-1985,-2345,1380,-1841,-2465,1384,-1449,-2533,1432,-928,-2677,1669,-288,-2697,1953,4096,
-704,-2857,2209,-848,-2970,2069,-956,-3038,2025,-976,-3033,2041,-996,-3066,2049,-1076,-3130,2045,-1124,-3126,2117,-1028,-3137,2157,-820,-3110,2181,-596,-3033,2189,4096,
-1168,-2193,2485,-924,-1921,2705,-128,-1757,3074,528,-2009,3330,604,-2549,3294,300,-3030,3121,-83,-3258,2813,-376,-3218,2401,-660,-3022,2113,-940,-2873,2081,4096,
-332,-2029,2821,-396,-2073,2945,-504,-2089,2886,-568,-2353,2714,-672,-2685,2489,-788,-2906,2301,-924,-2961,2133,-1000,-2849,2109,-960,-2677,2201,-792,-2581,2413,4096,
-99,-2985,2733,-76,-3074,2729,-420,-3121,2661,-764,-3006,2561,-932,-2685,2545,-972,-2385,2517,-1048,-2193,2517,-1160,-2197,2509,-1204,-2337,2397,-1180,-2465,2281,4096,
-992,-2105,2469,-1393,-2009,2521,-1404,-2145,2617,-992,-2505,2653,-528,-2865,2633,-244,-3094,2485,-192,-3230,2389,-296,-3274,2341,-376,-3166,2289,-444,-2913,2353,4096,
40,-2821,3026,-148,-3318,2818,-716,-3470,2377,-1068,-3126,2033,-1112,-2569,1917,-1068,-2065,2225,-904,-1721,2753,-680,-1705,3166,-572,-1660,3254,-604,-1901,3121,4096,
336,-3046,3137,-328,-3358,2834,-820,-3182,2453,-920,-2769,2249,-884,-2493,2373,-928,-2173,2549,-1120,-1753,2665,-1413,-1501,2714,-1488,-1517,2741,-1152,-1644,2729,4096,
-260,-3270,2589,-696,-3234,2525,-864,-2954,2433,-836,-2585,2441,-892,-2249,2441,-1104,-2073,2417,-1432,-2025,2301,-1669,-2193,2213,-1148,-2549,2097,-120,-2545,2349,4096,
-1020,-2605,2381,-932,-2705,2441,-668,-2845,2549,-416,-2893,2589,-372,-2965,2541,-588,-3053,2461,-720,-3017,2409,-704,-2805,2349,-696,-2561,2329,-856,-2073,2529,4096,
-712,-2886,2189,-696,-2958,1769,-660,-3206,1841,-752,-3258,1973,-832,-3078,2101,-808,-3017,2137,-812,-2881,2085,-768,-2709,2057,-500,-2729,2053,76,-2681,2177,4096,
1504,-1849,3022,1773,-1869,3442,2065,-1917,3778,2305,-1953,3998,2337,-1973,4074,2261,-1993,4022,2133,-2073,3974,1881,-2281,3902,1549,-2457,3810,1296,-2513,3738,0,
664,-1869,3178,1357,-2229,3282,2013,-2517,3470,2477,-2729,3614,2733,-2717,3658,2802,-2553,3682,2565,-2397,3738,2157,-2341,3722,1765,-2309,3646,1517,-2305,3526,0,
1432,-2145,3518,1309,-2157,3570,1456,-1913,3554,1837,-1592,3626,2133,-1404,3782,2149,-1644,3874,2021,-2037,3878,1925,-2349,3746,1905,-2509,3582,1861,-2701,3474,0,
1592,-1553,3690,1685,-1545,3714,1813,-1513,3734,1885,-1572,3734,1845,-1696,3658,1757,-1825,3578,1665,-1785,3510,1589,-1813,3490,1533,-1845,3526,1533,-1861,3582,0,
1665,-1649,3462,1773,-1733,3490,1893,-1721,3558,1953,-1765,3622,1965,-1797,3654,1861,-1893,3670,1733,-1925,3670,1529,-1845,3554,1232,-2009,3534,1180,-1617,3386,0,
1432,-2357,3378,1621,-2357,3414,1757,-2349,3462,1865,-2285,3562,1945,-2205,3594,2005,-2217,3634,2065,-2185,3618,2069,-2117,3730,2029,-2125,3746,1965,-2221,3742,0,
1413,-2269,3270,1560,-2197,3294,1669,-2013,3382,1745,-1905,3450,1765,-1997,3518,1781,-2141,3534,1833,-2225,3518,1881,-2065,3518,1873,-2069,3566,1777,-2305,3606,0,
1112,-1388,3758,1176,-1224,3894,1292,-1180,4022,1456,-1252,4106,1576,-1328,4082,1589,-1488,3974,1537,-1673,3846,1393,-1837,3726,1244,-1941,3590,1176,-1973,3514,0,
608,-1221,3406,932,-1236,3798,1332,-1264,3986,1685,-1416,4062,1877,-1581,4002,1917,-1737,3818,1865,-1761,3674,1785,-1685,3498,1673,-1608,3538,1613,-1644,3670,0,
-760,-1777,2409,-1240,-1589,2185,-1592,-1504,2177,-1341,-1589,2301,-884,-1524,2465,-876,-1292,2593,-1152,-1172,2501,-1413,-1060,2381,-1461,-944,2325,-1236,-828,2309,4096,
488,-1108,3694,920,-1621,3894,167,-2297,3786,-832,-2365,3262,-1589,-1881,2473,-2049,-1216,2169,-2221,-988,2033,-2297,-928,2021,-2217,-940,2237,-1501,-608,2573,4096,
-612,-600,3242,-820,-384,3338,-1020,-676,3222,-1440,-1052,2877,-1865,-1244,2513,-1921,-1452,2349,-1537,-1737,2349,-1032,-1837,2457,-588,-1797,2829,-420,-1889,3082,4096,
-296,-1416,3570,-388,-1833,3286,-544,-1945,2945,-680,-1644,2669,-864,-1280,2677,-904,-932,2970,-800,-732,3182,-808,-788,3266,-804,-1024,3094,-664,-1204,2938,4096,
-1292,-1364,3210,-1520,-1501,2970,-1748,-1696,2705,-1853,-1985,2549,-1969,-2001,2313,-2173,-1452,2245,-2197,-880,2629,-1957,-632,2954,-1404,-344,3121,-908,-20,3314,4096,
-2125,-1481,2613,-2377,-1533,2589,-2513,-1665,2353,-2621,-1597,2093,-2633,-1309,1969,-2429,-1176,2113,-1945,-1204,2445,-1284,-1116,2737,-636,-756,3014,-108,-216,3430,4096,
-2029,-1296,2917,-2165,-1605,2709,-2289,-1705,2357,-2577,-1701,1949,-2938,-1508,1713,-3150,-1352,1701,-2897,-1601,1933,-2217,-2105,2273,-1364,-2149,2493,-632,-1361,2593,4096,
-1240,-1821,3246,-1416,-2121,3030,-1705,-2077,2697,-2013,-1833,2449,-2261,-1665,2349,-2301,-1545,2445,-2021,-1501,2665,-1332,-1420,3053,-444,-1432,3430,180,-1572,3714,4096,
-1805,-872,3634,-1761,-760,3506,-1801,-1188,3150,-2141,-1725,2881,-2513,-1513,2305,-2793,-1128,2117,-2685,-932,2241,-2349,-700,2481,-2053,-576,2769,-1705,-548,3146,4096,
-1861,-1152,2970,-2037,-1380,2773,-1909,-1608,2829,-1240,-1608,2954,-528,-1717,3218,-380,-1777,3498,-616,-1420,3582,-920,-1076,3554,-1160,-1120,3570,-1284,-1468,3466,4096,
1589,-756,3522,1621,-732,3526,1633,-804,3502,1644,-816,3486,1649,-820,3506,1649,-844,3522,1660,-816,3502,1637,-804,3514,1601,-800,3530,1592,-796,3550,8192,
3085,1276,4763,1797,1244,4767,2581,-104,5055,3942,-2121,4327,4238,-3006,3782,3010,-1773,3822,1957,-492,4098,1853,-135,4170,1981,-436,4058,1833,-964,3766,8192,
5639,2377,4799,6308,2149,4158,6520,1761,3162,6704,1709,2513,6888,1601,1997,7060,1292,1429,7344,828,912,7392,276,244,7112,-272,-124,6540,-760,8,8192,
1773,-1052,2913,1236,-1445,2253,872,-1893,1560,944,-2197,1124,1621,-2385,1513,2569,-2349,2349,3254,-2185,2714,3606,-2109,2805,3594,-2185,2609,3522,-2333,2533,8192,
2861,-1357,2714,2841,-1244,2773,2849,-1212,2897,2861,-1264,3017,2773,-1300,3126,2802,-1773,3214,2933,-1949,3282,3790,-1833,3542,5535,-1393,4018,6003,-1965,3938,8192,
1861,-968,3358,1833,-944,3370,1813,-912,3382,1841,-916,3402,1797,-892,3430,1748,-792,3542,1761,-696,3598,1781,-916,3486,1845,-992,3438,1981,-1012,3326,8192,
6280,-688,236,5195,-1553,128,4327,-596,4166,6052,1461,4891,4627,1348,3830,2261,532,2225,880,788,3766,1004,1132,4194,2201,552,4967,3330,-584,3814,8192,
5775,-7052,3738,6164,-7265,3330,6260,-6640,2865,6288,-4402,2361,6296,-2553,2061,6644,-1180,2373,6668,-400,2813,5992,-140,3142,5543,-404,3242,5903,-948,3414,8192,
4170,-1012,3182,4835,-972,3474,5063,-1212,3638,4771,-1504,3846,4619,-1456,3890,4851,-1328,3630,5539,-1713,3806,6852,-2818,5239,7509,-3678,6608,6404,-3466,6620,8192,
1913,-892,3430,1969,-856,3406,2021,-840,3350,2041,-812,3338,2041,-840,3334,2065,-804,3326,2073,-812,3358,2073,-804,3314,2137,-732,3326,2205,-756,3334,8192,
2065,-480,3694,1941,-648,3822,1757,-1276,3786,1625,-1621,3538,1657,-1581,3362,1488,-1341,3514,1649,-940,3590,1813,-732,3578,1685,-696,3598,1689,-748,3578,8192,
4379,-6944,3382,4451,-6452,3562,4259,-5903,3570,3986,-5447,3386,3806,-5151,3194,3746,-4823,3146,3678,-4463,3202,3638,-4050,3142,3462,-3734,2997,3426,-3402,2942,8192,
2033,-648,3490,2137,-424,3570,2149,-472,3522,2205,-728,3530,2233,-1128,3518,2185,-1537,3474,2145,-1793,3478,2209,-1897,3422,2269,-1989,3362,2261,-1877,3330,8192,
1304,-1921,3250,1296,-1969,3302,1309,-1877,3378,1332,-1797,3398,1304,-1857,3390,1296,-1865,3346,1284,-1941,3230,1284,-2009,3194,1341,-1977,3134,1377,-1941,3150,8192,
4639,-208,5115,3854,-940,2753,3838,1364,3522,3402,2201,5843,2782,1477,6107,1953,-112,3650,1465,-1829,3726,2173,-2529,3650,3030,-1997,2693,2325,-1809,3382,8192,
4098,1152,4783,4010,1212,4614,3974,1289,4523,4274,1260,4431,4587,1120,4358,4655,836,4038,4699,512,3686,4903,356,3370,5287,424,3098,5711,584,2870,8192,
2385,-1705,6068,1513,-1680,5632,824,-1492,5067,260,-1176,4367,-244,-1072,3846,-408,-844,3330,-228,-724,2926,-40,-728,2797,88,-740,2725,224,-808,2665,8192,
2081,-908,3262,2081,-932,3218,2025,-956,3182,2101,-924,3222,2065,-944,3338,2053,-928,3266,2145,-944,3350,2285,-968,3310,2333,-992,3378,2193,-980,3014,8192,
1540,-1016,3566,1424,-664,3634,1501,-712,3630,1613,-860,3598,1592,-964,3558,1497,-1016,3530,1497,-1072,3518,1504,-1052,3510,1497,-1024,3550,1485,-932,3534,8192,
5239,-676,1701,5459,-368,1713,5711,-332,2153,5643,-532,2077,5283,-684,1569,4723,-788,1316,4238,-1052,1445,3818,-1565,1861,3398,-2169,2057,2926,-2489,2029,8192,
-332,-1236,1933,-36,-1092,2697,796,-1228,3334,1517,-1693,3242,1905,-2205,2965,2081,-2473,2697,2305,-2549,2777,2489,-2589,3186,2625,-2541,3582,2849,-2341,3626,8192,
2165,-880,3754,2057,-1036,3846,1877,-1284,4002,1789,-1273,4370,1865,-1336,4474,1605,-1420,4166,2393,-1429,4070,3826,-932,5011,4887,-208,5587,5984,1016,6548,8192,
1569,-944,3502,1621,-836,3518,1673,-716,3502,1696,-688,3526,1649,-720,3538,1660,-736,3558,1696,-784,3554,1696,-836,3534,1677,-908,3502,1669,-1004,3494,8192,
4282,-716,1745,4991,-376,2513,5915,-128,4002,6116,-236,4827,5503,160,2449,5443,836,-1221,6016,748,-1092,4295,-304,2705,2273,-1008,3750,128,-2009,4703,8192,
756,-1753,3370,868,-1677,3474,1080,-1569,3566,1660,-1560,3814,1889,-1701,3870,1953,-1833,3826,1881,-1973,3810,1781,-2065,3734,1673,-2129,3726,1560,-2033,3694,0,
1064,-2337,3090,1128,-2281,3053,1208,-2145,3101,1268,-1957,3234,1380,-1748,3362,1633,-1625,3470,1961,-1733,3546,2305,-1965,3634,2553,-2053,3642,2585,-2009,3714,0,
916,-1809,3602,1052,-1897,3562,1244,-2069,3618,1909,-2077,3690,2089,-1657,3898,2117,-1348,4134,2141,-1256,4290,2081,-1416,4214,1937,-1805,4050,1797,-2233,3842,0,
740,-2061,3246,1032,-1529,3530,1364,-1104,3878,1689,-972,4186,1985,-1100,4295,2105,-1232,4322,1973,-1124,4259,1628,-1044,4174,1320,-1176,4150,1192,-1553,4050,0,
2093,-2441,3266,2361,-2429,3310,2633,-2293,3442,2841,-1913,3726,3094,-1569,4146,3318,-1289,4451,3254,-952,4546,2917,-936,4494,2561,-1284,4295,2093,-1436,3954,0,
976,-2961,2841,656,-2890,2697,776,-2485,2809,1268,-1881,3210,1881,-1361,3710,2333,-980,4094,2441,-960,4194,2245,-1452,4162,2153,-1504,3942,2045,-1409,3922,0,
1565,-1625,3890,1200,-1576,3518,1116,-1468,3270,1404,-1821,3422,1797,-2173,3442,1965,-2233,3382,1989,-2205,3526,2121,-2101,3738,2393,-1789,4030,2501,-1148,4410,0,
1592,-1357,3890,1388,-1617,3746,1236,-1713,3486,1228,-1713,3394,1432,-1801,3526,1553,-1721,3638,1613,-1605,3726,1733,-1569,3794,1941,-1669,3874,2205,-1769,3990,0,
1644,-2549,3069,2065,-2589,3094,2557,-2117,3454,2545,-1705,3758,2481,-1377,4018,2349,-1325,4146,2169,-1617,4014,1933,-2053,3894,1613,-2297,3698,1296,-2265,3390,0,
2257,-1056,3942,2393,-1797,3894,2417,-2241,3686,2397,-2413,3142,2437,-2705,3046,2437,-2893,3222,2437,-2585,3490,2337,-2105,3766,2213,-1649,3946,2101,-1400,4030,0,
-984,-1701,2881,-1284,-1601,2761,-1424,-1445,2897,-1280,-1348,3014,-1040,-1400,3082,-1032,-1485,2893,-1236,-1621,2870,-1160,-1829,2854,-888,-2357,2809,-548,-2789,2649,4096,
-772,-1745,3069,-588,-2041,3066,-356,-2289,3022,-224,-2337,3026,-219,-2289,3118,-260,-2197,3173,-316,-2093,3137,-448,-1945,3046,-684,-1833,2938,-896,-1785,3030,4096,
-632,-1621,3194,-244,-1869,3238,-63,-1969,3150,-260,-1801,3026,-656,-1585,3017,-936,-1524,3098,-812,-1765,3150,-420,-2077,3114,-203,-2073,3014,-308,-1897,3082,4096,
-528,-2277,2849,-448,-2017,2974,-660,-1745,3042,-852,-1556,3098,-988,-1517,3142,-956,-1637,3082,-772,-1921,2913,-524,-2377,2625,-252,-2933,2565,112,-3454,2593,4096,
-888,-1877,2985,-928,-1765,2974,-1136,-1628,2985,-1289,-1545,3026,-1309,-1508,3026,-1284,-1485,3022,-1268,-1560,3014,-1240,-1737,2926,-1156,-2089,2729,-1092,-2393,2585,4096,
-956,-2213,2970,-696,-2377,2849,-744,-2105,2893,-1032,-1769,3038,-1296,-1497,3242,-1361,-1316,3290,-1309,-1289,3230,-1228,-1492,3074,-1260,-1837,2733,-1368,-2133,2361,4096,
-1164,-1817,2958,-1440,-1212,3049,-1581,-980,3058,-1753,-1048,3053,-1757,-1440,2938,-1468,-2085,2729,-1068,-2773,2449,-856,-3042,2121,-928,-2854,2225,-1060,-2545,2525,4096,
-1200,-1793,2961,-1056,-1841,2909,-976,-1869,2926,-1008,-1901,2926,-1036,-1845,2881,-1072,-1821,2906,-1096,-1889,2886,-1120,-1833,2802,-1192,-1617,2938,-1172,-1440,3170,4096,
-424,-1789,3085,-756,-1641,3118,-1100,-1472,3182,-1144,-1348,3085,-1232,-1352,2981,-1352,-1556,2922,-1397,-1885,2789,-1224,-2437,2601,-748,-3250,2697,-27,-3790,2701,4096,
-512,-2261,3478,3798,-4395,3926,4651,-4114,3186,3302,-3069,3101,1072,-2073,3246,-888,-1436,3622,-1793,-1244,4078,-1341,-1260,3958,-452,-1240,3574,-63,-1256,3121,4096,
528,-1873,3374,632,-1837,3386,732,-1853,3462,928,-1925,3686,1416,-1881,3810,1837,-2033,3754,1981,-2193,3658,1721,-2325,3542,1284,-2349,3570,1024,-2257,3574,0,
2121,-1524,3954,1801,-1589,3826,1361,-1709,3658,952,-1777,3526,672,-1761,3434,564,-1761,3370,632,-1853,3346,792,-1937,3390,976,-1977,3386,1148,-2017,3422,0,
1673,-1529,3354,1713,-1625,3342,1849,-1665,3378,2061,-1693,3510,2385,-1709,3570,2681,-1877,3498,2733,-2101,3414,2445,-2249,3354,1969,-2281,3366,1665,-2201,3490,0,
2393,-1873,3434,2485,-1909,3446,2537,-1913,3482,2533,-1925,3522,2565,-1973,3530,2589,-2089,3534,2581,-2173,3578,2545,-2237,3542,2469,-2305,3510,2337,-2357,3466,0,
1941,-2245,3378,2025,-2301,3382,2141,-2353,3362,2261,-2469,3238,2313,-2601,3194,2317,-2573,3170,2277,-2521,3090,2197,-2417,3114,2097,-2281,3154,1997,-2157,3121,0,
1777,-2001,3234,1861,-2033,3286,1973,-2041,3290,2093,-2037,3294,2157,-1973,3302,2157,-1897,3314,2121,-1813,3346,2085,-1673,3382,2073,-1545,3438,2073,-1445,3494,0,
2009,-2493,3078,1921,-2273,3173,1949,-2121,3290,2093,-2069,3490,2397,-2065,3594,2649,-2165,3398,2529,-2333,3282,2125,-2409,3322,1748,-2417,3306,1553,-2385,3262,0,
2197,-2209,3182,2389,-2245,3382,2737,-2305,3346,3137,-2465,3538,3510,-2589,3430,3546,-2797,3334,3246,-2890,3378,2777,-2745,3250,2289,-2265,3226,1761,-1637,3170,0,
2105,-1589,3422,2241,-1605,3422,2365,-1677,3430,2425,-1769,3490,2477,-1833,3614,2573,-1941,3646,2665,-2109,3634,2649,-2321,3622,2501,-2517,3458,1989,-2653,3342,0,
2381,-1789,3126,2409,-1685,3214,2417,-1613,3322,2469,-1617,3382,2589,-1805,3370,2721,-2037,3406,2766,-2245,3342,2609,-2521,3234,2437,-2769,3370,2397,-2825,3278,0,
2365,-1909,3410,2637,-1917,3482,2693,-1793,3558,2557,-1608,3662,2377,-1472,3686,2225,-1404,3670,2105,-1424,3634,2009,-1461,3578,1913,-1481,3534,1741,-1605,3422,0,
1913,-1921,2902,1961,-1913,2933,2057,-1873,2974,2197,-1933,2965,2369,-2089,3049,2509,-2145,3137,2714,-2109,3238,2849,-2077,3242,2849,-2013,3290,2769,-2025,3374,0,
1957,-2053,3298,2133,-1945,3534,2413,-1757,3726,2854,-1825,3586,2665,-2089,3554,2265,-2261,3406,1841,-2325,3294,1517,-2353,3250,1404,-2361,3250,1481,-2389,3173,0,
-1192,-1409,3134,-1044,-1452,3210,-948,-1432,3226,-1032,-1312,3189,-1252,-1221,3006,-1488,-1196,2802,-1504,-1256,2877,-1228,-1325,2997,-952,-1328,3069,-892,-1228,3250,4096,
-980,-1372,3170,-1008,-1404,3134,-888,-1540,3082,-892,-1508,2970,-1140,-1372,2917,-1312,-1341,3010,-1221,-1397,3101,-1040,-1357,3230,-948,-1252,3274,-908,-1357,3334,4096,
-644,-1304,3654,-796,-1240,3378,-1000,-1256,3098,-1289,-1289,2729,-1641,-1352,2337,-1953,-1461,2049,-1921,-1673,2341,-1400,-1737,2673,-796,-1440,3318,124,-916,4526,4096,
-1092,-1180,2818,-1384,-1080,2669,-1545,-1040,2693,-1352,-1192,2873,-984,-1325,3114,-732,-1224,3202,-712,-1160,3250,-380,-1208,3374,-332,-1212,3222,-596,-1296,3114,4096,
47,-920,4130,288,-832,4146,99,-944,3814,-304,-996,3582,-628,-1104,3338,-888,-1240,3090,-1296,-1280,2805,-1713,-1156,2517,-1989,-916,2329,-1949,-836,2329,4096,
-928,-1028,3462,-1060,-1260,3242,-1156,-1368,3038,-1393,-1420,2737,-1725,-1445,2421,-1993,-1377,2241,-1997,-1344,2477,-1560,-1160,2974,-940,-536,3762,67,212,4775,4096,
-912,-1449,2974,-908,-1533,2897,-948,-1560,2954,-1072,-1400,2961,-1232,-1248,2865,-1068,-1112,3166,-512,-1048,3486,-92,-940,3778,-15,-708,3782,-36,-560,3810,4096,
-560,-1540,3162,-760,-1312,3090,-880,-1128,3118,-784,-1112,2958,-720,-1224,2913,-736,-1320,2897,-864,-1320,2873,-936,-1280,2849,-912,-1224,2958,-796,-968,3146,4096,
-580,-868,3518,-816,-944,3294,-1156,-1056,3046,-1592,-1032,2766,-2045,-860,2421,-2173,-932,2289,-1549,-1745,2281,-440,-2641,2573,456,-2597,3370,924,-1456,4675,4096,
-616,-1432,3110,-812,-1449,2938,-1040,-1501,2681,-1309,-1504,2597,-1549,-1372,2585,-1513,-1292,2729,-1104,-1240,3010,-596,-1000,3354,-104,-588,3846,508,-52,4354,4096,
-428,-1761,3370,-208,-1637,3498,-324,-1413,3350,-652,-1228,3266,-808,-1208,3218,-756,-1240,3042,-788,-1348,2886,-972,-1332,2741,-1280,-1264,2517,-1504,-1276,2325,4096,
-992,-1216,3069,-928,-1152,3105,-860,-1088,3146,-824,-1024,3178,-856,-936,3137,-920,-844,3105,-984,-776,3058,-952,-648,3053,-752,-552,3142,-436,-376,3238,4096,
-396,-1492,3186,-556,-1461,3074,-788,-1416,2917,-936,-1440,2725,-1104,-1468,2669,-1160,-1364,2753,-1160,-1128,2902,-976,-784,3154,-528,-456,3598,92,-36,4142,4096,
1084,-1216,3118,1312,-1072,3170,1504,-972,3250,1637,-988,3266,1729,-956,3318,1665,-720,3406,1677,-600,3538,1673,-736,3618,1705,-732,3770,1869,-732,4018,8192,
-1785,-2589,3318,-880,-2633,3426,240,-2965,3450,1124,-3082,3022,1236,-3022,2433,884,-2873,2045,648,-2818,1885,716,-2961,1741,1096,-3270,1680,1597,-3438,1669,8192,
2001,-1497,3854,1877,-1613,4139,1677,-2109,4246,1352,-2609,4402,892,-2922,4458,256,-3118,4951,-232,-2761,4907,244,-1560,4363,4207,-2769,3466,6188,-5467,4847,8192,
2133,-1380,3366,2121,-1517,3462,2185,-1481,3506,2173,-1384,3618,2117,-1424,3766,2093,-1413,3842,2013,-1680,3882,1781,-2005,3946,1529,-2045,4146,1344,-2169,4499,8192,
1452,-2293,2970,1529,-2285,3022,1789,-2065,3078,2065,-1628,3218,2189,-1248,3342,2041,-1064,3518,1885,-1024,3614,1889,-1240,3402,1673,-1789,3230,1397,-2429,3158,8192,
1809,-1633,3286,1833,-1569,3338,1841,-1461,3382,1845,-1456,3378,1817,-1452,3386,1893,-1497,3366,1953,-1540,3290,2001,-1677,3154,2001,-1741,3162,2001,-1765,3189,8192,
2017,-2093,3178,2013,-2077,2974,1945,-2061,3001,2021,-2009,3074,1929,-2053,3082,1805,-2121,3074,1845,-2025,3069,1881,-1965,3158,1873,-1905,3158,1877,-1861,3130,8192,
8165,836,-3098,8013,412,-2553,7729,-368,-1372,7188,-776,-400,4899,-980,96,-1633,-4555,4130,-4899,-6360,5899,-380,-3470,948,3894,2349,-1104,6032,2089,-1292,8192,
7753,-164,3158,7961,348,3238,8065,820,3130,8117,1377,2249,8141,1837,1377,8153,2329,-216,8161,2725,-2565,8165,2978,-3778,8165,2537,-3266,8165,1597,-3006,8192,
684,-688,3998,1036,-664,4038,1316,-748,4026,1524,-956,3894,1677,-1120,3730,1789,-1296,3490,1961,-1524,3346,2241,-1745,3286,2401,-1813,3137,2437,-1833,3022,8192,
8109,-2153,5820,8137,-676,6952,6568,-440,6624,3646,-364,6408,920,-756,5960,-676,-1400,5367,-1140,-1813,4815,-800,-1921,3730,-316,-2033,2397,112,-2045,2381,8192,
296,-4463,4523,320,-5283,4795,448,-6488,4546,2665,-7256,4034,5415,-7709,4162,6792,-3218,6164,7480,956,7164,5924,8,7665,3189,-2517,7236,512,-4222,6044,8192,
2449,-1628,3134,2469,-1637,3078,2533,-1549,3053,2429,-1677,3022,2369,-1733,3014,2321,-1837,3030,2277,-1777,3078,2321,-1644,3158,2337,-1576,3326,2269,-1400,3358,8192,
2041,-1545,3114,2045,-1533,3137,2025,-1477,3189,2069,-1393,3218,2089,-1260,3274,2121,-1264,3282,2097,-1320,3334,2061,-1332,3346,2069,-1397,3354,2101,-1361,3350,8192,
1929,-1693,3114,1869,-1677,3202,1833,-1689,3173,1929,-1685,3110,1949,-1717,3058,1865,-1761,3101,1765,-1857,3142,1729,-1981,3114,1705,-2053,3049,1693,-2097,3022,8192,
5331,-1805,-752,6748,256,-876,5155,-904,3646,2269,-2305,3105,1048,-3094,3754,2357,-2065,3278,3134,-948,3082,2437,-1060,3358,1817,-1320,3522,1721,-1160,3478,8192,
5163,-3358,3150,5575,-3838,2541,6084,-4331,2013,7028,-4419,1709,7597,-4259,1693,7881,-3746,1633,8097,-1136,63,8133,-203,-688,8149,-40,-1176,8157,-384,-1617,8192,
3526,-1589,2377,3530,-1188,2861,3442,-324,3314,3526,316,3674,3590,692,3622,3778,1012,3586,4322,1256,4191,5047,1309,4494,5351,1064,3894,5155,716,3053,8192,
1556,-4002,5443,-20,-4166,5135,-516,-3846,4463,-380,-3330,3878,-36,-2965,3206,203,-2917,2669,340,-2997,2593,524,-2949,2649,780,-2705,2577,908,-2369,2609,8192,
1897,-2341,3834,1837,-1312,3890,1965,-488,3866,2217,-47,4162,2593,104,4191,3137,-67,4178,3590,-528,4030,3802,-1504,3738,3794,-2766,3166,3530,-3854,2457,0,
1680,-3446,2065,1472,-3022,2225,1429,-2553,2589,1581,-2069,2990,1953,-1617,3430,2425,-1156,3946,2838,-708,4350,3206,-492,4575,3510,-844,4178,3474,-1641,3574,0,
2013,-2393,3214,2297,-2541,3366,2585,-2597,3638,2641,-2493,4074,2381,-2277,4422,1817,-1997,4575,1116,-1745,4395,704,-1621,3846,432,-1449,3486,31,-1256,3526,0,
1501,-1777,3666,1693,-1416,3914,1901,-1208,3750,2165,-1256,3430,2469,-1569,3017,2673,-2001,2685,2709,-2457,2529,2621,-2897,2453,2461,-3338,2265,2345,-3642,2253,0,
-1300,-1341,3702,-67,-1501,3526,1228,-2077,2970,2933,-2657,1737,3746,-2994,1196,3630,-3402,2073,2677,-3742,3634,1653,-3702,4198,1328,-3234,4238,1524,-2733,4194,0,
788,-2317,3242,788,-2353,3210,860,-2541,3110,1036,-2849,3046,1465,-3326,3069,1961,-3622,3618,2157,-3518,4074,1849,-3130,3946,1328,-2641,3690,848,-2157,3430,0,
-184,-3590,5007,532,-3886,4991,1997,-4207,3278,3354,-3954,2697,3354,-3462,2573,2177,-3134,2681,900,-2677,2954,-496,-1689,2849,-676,-1424,2813,-744,-1397,2766,0,
-2285,-1481,4507,-1000,-1565,4598,856,-1965,2761,2909,-2037,2802,4494,-2425,3530,4562,-3105,3270,3154,-3017,2857,1461,-2497,2497,27,-1977,2493,-1040,-1696,2809,0,
-1673,-2117,1877,-1204,-2521,2505,-636,-2841,3606,11,-3038,4295,988,-3282,3210,2077,-3406,2389,2649,-3474,2473,2229,-3602,2721,1432,-3486,3105,884,-3126,3434,0,
-203,-2981,2217,128,-3414,2841,596,-3754,3626,1540,-3694,4058,2533,-2902,4515,3033,-2061,4591,2750,-1644,4559,2057,-1485,4483,1336,-1420,4342,800,-1292,4150,0,
-2145,-2337,2061,-1969,-2445,1829,-2025,-2601,2137,-2105,-2617,1961,-2109,-2577,1685,-2397,-2333,1921,-2413,-2245,1913,-2373,-2149,2037,-2349,-2037,2101,-2277,-2013,2053,4096,
-2065,-2789,1753,-1949,-2645,1877,-1893,-2669,1589,-2009,-2657,1497,-2277,-2541,1913,-2545,-2381,2041,-2577,-2201,1925,-2513,-2065,2029,-2537,-2061,1913,-2541,-2181,1789,4096,
-1148,-2533,2753,-1236,-2665,3510,-1325,-2509,3974,-1725,-1781,2881,-2149,-1449,2293,-2561,-1292,2053,-2766,-1468,2337,-2581,-1753,2489,-2189,-1989,2037,-1877,-2169,1605,4096,
-2313,-2133,2033,-2145,-2341,1985,-2061,-2381,2025,-2073,-2157,1961,-2109,-1965,2037,-2173,-1941,2085,-2293,-2045,2165,-2385,-2181,2533,-2277,-2173,2485,-2013,-2125,2133,4096,
-2553,-2245,1789,-2745,-2265,1905,-2609,-2221,1713,-2493,-2277,1757,-2389,-2397,1885,-2233,-2561,1429,-2221,-2605,1560,-2281,-2525,1757,-2345,-2413,1849,-2377,-2421,1757,4096,
-2393,-2453,2093,-2501,-2173,2001,-2593,-1909,1997,-2673,-1601,1945,-2677,-1352,1633,-2766,-1296,1789,-3118,-1492,3173,-2709,-1877,2958,-1801,-2429,2729,-1977,-2653,2761,4096,
-2617,-2393,2013,-2677,-2253,1965,-2773,-2145,1977,-2886,-2089,2001,-2877,-2125,1809,-2974,-2261,1961,-3078,-2413,2241,-2793,-2565,2377,-2489,-2405,2049,-2637,-2181,2089,4096,
-2197,-2057,3017,-1973,-2205,3258,-1785,-2437,3494,-1748,-2521,2413,-1889,-2417,1785,-2249,-2285,1513,-2625,-2349,1504,-2825,-2641,1693,-2677,-3038,1657,-2397,-3374,1524,4096,
-1989,-1925,2113,-1973,-1785,1625,-1997,-1657,1012,-2029,-1400,516,-2137,-2597,3930,-3526,-3838,6048,-2909,-4182,4054,-1481,-3154,1393,-24,-1885,36,632,-1765,1108,4096,
1228,-2181,2825,1553,-2265,3082,1857,-2313,3378,2125,-2453,3606,2421,-2649,3870,2633,-2818,4018,2757,-2917,3810,2714,-3101,3654,2425,-3090,3830,2005,-2665,3970,0,
492,-2281,2766,1128,-2357,2818,1701,-2369,3017,2189,-2281,3294,2557,-2125,3430,2825,-2029,3758,2938,-2049,4058,3001,-2121,4158,2942,-2261,3946,2733,-2393,4086,0,
1905,-3702,2473,1769,-3870,2057,1549,-3406,2785,1256,-2253,3298,900,-952,3638,736,-151,3598,1176,-228,3918,2017,-932,3966,2793,-1857,3466,3178,-2714,2913,0,
3158,-2145,2545,3422,-2597,2825,3474,-2653,3266,3386,-2477,3354,3414,-2429,3926,3570,-2421,4078,3674,-2513,3814,3478,-2621,3542,3121,-2593,3534,2641,-2417,3470,0,
-540,-2041,2109,-260,-2213,2361,115,-2205,2725,684,-2113,3418,1344,-2029,3946,3090,-2181,4487,3542,-2197,4458,3226,-1957,4415,2557,-1685,4390,1869,-1581,4134,0,
1560,-2269,3146,1540,-2277,3282,1576,-2361,3530,1797,-2581,4182,2245,-2865,5023,2797,-3306,4571,3182,-3826,3390,2693,-3954,2714,1665,-3446,2505,796,-2561,2849,0,
-992,-1761,1901,-684,-1773,2061,-308,-1741,2317,124,-1709,2641,1212,-1748,3290,2241,-1977,4207,3346,-2157,5363,3658,-2065,6296,3033,-1713,6700,2161,-1268,6552,0,
-160,1256,2013,828,-372,1432,2533,-2025,1969,3806,-2873,1304,4771,-2974,1124,5095,-2782,3470,4455,-2501,3850,3546,-2165,4158,3042,-1925,4282,3022,-1621,3590,0,
2981,-1841,2409,3394,-2705,2361,3594,-3494,2733,3554,-4062,2997,3350,-4214,2802,2945,-4419,2277,2325,-4078,2461,1745,-2913,2705,1409,-1589,2929,1232,-596,3006,0,
1116,-1693,2881,1344,-1617,2906,1701,-1745,2990,2129,-1977,3173,2577,-2481,3042,2845,-3242,2653,2733,-3862,2665,2353,-4222,2597,1933,-4246,2605,1585,-3986,2577,0,
1236,-3722,1733,1372,-3838,1761,1520,-3858,1769,1665,-3934,1689,1745,-3802,1877,1741,-3350,2221,1748,-2761,2697,1817,-2221,3014,1917,-1833,3302,2105,-1913,3418,0,
1040,-2145,2693,1380,-2149,2922,1665,-2225,3206,1997,-2309,3438,2269,-2413,3634,2521,-2517,3686,2757,-2621,3618,2897,-2886,3694,3006,-3053,4703,3206,-3101,5135,0,
1737,-1597,3438,1745,-1540,3526,1813,-1524,3590,1889,-1589,3578,1985,-1745,3518,2049,-1917,3434,2045,-2065,3354,1941,-2213,3362,1657,-2381,3370,1341,-2641,3218,0,
-792,-3198,2881,-1080,-2545,2321,-1660,-1993,1813,-2325,-1677,1821,-2721,-1592,2105,-2465,-1685,2405,-1789,-2033,2617,-1264,-2461,2789,-1196,-2601,2681,-1456,-2573,2409,4096,
-2041,-3366,1589,-2089,-3510,1581,-2133,-3530,1696,-2201,-3306,1669,-2357,-2881,1781,-2553,-2389,1857,-2629,-2005,2029,-2489,-1660,2385,-2453,-1705,2501,-2429,-1853,2569,4096,
-1748,-3318,2037,-1857,-2717,2425,-1977,-2081,2629,-2053,-1549,2829,-2133,-1264,2865,-2193,-1072,2974,-2189,-1052,2917,-2121,-1320,2802,-1985,-1677,2629,-1853,-2093,2469,4096,
-1841,-3053,1901,-1997,-3030,1937,-2053,-2949,1913,-1945,-2873,1857,-1789,-2766,2113,-1693,-2553,2277,-1761,-2349,2569,-1897,-2153,2805,-1993,-1937,2769,-2009,-1889,2809,4096,
-2001,-2257,2825,-1873,-2109,2237,-2065,-1989,1977,-2461,-1969,2241,-2417,-2021,2529,-2029,-2169,2277,-1953,-2369,2033,-2193,-2365,2021,-2389,-2249,2053,-2333,-2129,1953,4096,
-1897,-2357,2373,-2173,-2105,1901,-2321,-2097,1660,-2477,-2081,1504,-2541,-2157,1589,-2497,-2257,2209,-2249,-2165,2457,-1973,-2213,2497,-2393,-2213,2225,-2337,-1889,2525,4096,
-2517,-3950,1585,-2205,-4046,1501,-1893,-3826,1497,-2137,-3314,1589,-2593,-2645,1713,-2877,-2049,1821,-2897,-1696,1729,-2797,-1569,1432,-2769,-1621,1156,-2757,-1733,988,4096,
-1889,-2625,2129,-1781,-2854,1989,-1861,-3017,1929,-2029,-3170,1881,-2153,-3194,1929,-2153,-3142,2001,-1989,-2954,1885,-1757,-2709,1769,-1673,-2409,1989,-1721,-2021,2645,4096,
-1869,-3014,2597,-1625,-2877,2849,-1608,-2421,2913,-2057,-1853,3090,-2657,-1344,3202,-2841,-1112,3130,-2673,-1232,2733,-2473,-1628,2493,-2445,-2181,2929,-2293,-2750,3150,4096,
-1096,-3146,2573,-1236,-3074,2453,-1465,-2906,2321,-1765,-2753,2325,-2017,-2565,2225,-2181,-2429,1965,-2281,-2381,1821,-2269,-2285,1713,-2165,-2309,1673,-2057,-2481,2117,4096,
-2077,-2185,2389,-2137,-1597,2669,-2181,-1060,2782,-2293,-688,2757,-2457,-640,3042,-2529,-992,3530,-2045,-1613,3378,-1273,-2193,2886,-932,-2541,2077,-1208,-2797,1456,4096,
-1869,-2309,2513,-2237,-1889,2637,-2377,-1501,2561,-2245,-1372,2069,-2129,-1445,1725,-2153,-1685,1741,-2125,-2109,2049,-1965,-2585,2793,-1653,-2958,3150,-1341,-3182,2902,4096,
-1773,-3922,2125,-1540,-3574,1793,-1485,-3282,1445,-1613,-3049,1553,-1785,-2845,1849,-1873,-2633,2073,-1733,-2513,2173,-1529,-2465,2141,-1485,-2421,2129,-1657,-2385,2281,4096,
-2105,844,3226,-2197,1136,3538,-2129,1400,3662,-1833,1312,3562,-1841,1040,3189,-4126,1320,6248,-3686,816,6616,-4458,908,7392,-4723,1316,7781,-5051,652,7973,8192,
-2073,1264,3046,-2069,1256,3066,-2061,1204,3042,-2085,1240,3033,-2077,1156,3146,-1997,1020,3114,-2041,1044,3134,-2097,1024,3178,-2085,984,3134,-2105,896,3121,8192,
-5699,-652,6432,-3786,-2281,664,548,-1805,1673,1628,-896,1176,-596,-92,2661,-3121,568,5415,-2974,1292,5287,-1733,1361,3298,-904,968,2789,-1364,532,3742,8192,
-3702,1144,5639,-4050,1316,6036,-4262,1420,5912,-4243,1416,5459,-4194,1481,5035,-4207,1696,4539,-4270,1929,3758,-4322,2269,2593,-4298,2365,956,-4174,2125,-528,8192,
-3426,2854,8013,-1893,896,7657,-1276,352,7913,-1504,592,7729,-1328,332,6864,-964,99,5743,-796,156,4803,-920,460,3958,-1088,920,3402,-1200,1445,2737,8192,
-564,960,3105,-1445,135,4279,-1881,108,4619,-1905,580,4535,-1773,1028,3858,-1456,1100,3354,-1252,1068,3246,-1388,1040,3462,-1513,984,3810,-1524,1040,3778,8192,
-4174,1104,4679,-4207,1256,4546,-4194,1320,4098,-4150,1364,3586,-4311,1485,3346,-4695,1713,3454,-5291,1889,3902,-5971,2089,4338,-6984,1572,2725,-7365,560,1436,8192,
-864,6028,4191,308,6008,3001,660,5247,2449,668,4134,2133,720,2981,2049,896,1829,2189,936,724,2705,836,-224,3442,680,-964,3922,684,-1477,3814,8192,
-1885,488,3318,-1833,532,3278,-1865,572,3270,-1961,604,3246,-2005,596,3242,-2037,636,3222,-2041,696,3210,-2093,768,3198,-2165,776,3130,-2213,816,3162,8192,
-1592,764,3394,-1545,720,3398,-1553,720,3406,-1613,704,3470,-1605,600,3482,-1565,552,3430,-1565,528,3426,-1572,620,3398,-1625,664,3402,-1657,704,3394,8192,
-6016,4999,1036,-5591,3346,1212,-5595,1485,1188,-6284,372,1537,-6808,200,2249,-6472,788,2265,-4891,2673,-408,-4154,3334,-2041,-3786,3458,-3518,-4106,3090,-4887,8192,
-2870,4494,7308,-2673,6248,7737,-2521,6452,7953,-1989,5343,6360,-1540,3862,4915,-1200,2625,4058,-908,2193,3662,-676,2125,3302,-528,2005,2902,-328,1865,2641,8192,
-1889,976,3194,-1933,1036,3182,-1989,1044,3194,-1985,1020,3178,-2009,964,3198,-2033,948,3198,-2033,944,3154,-2009,928,3189,-1993,896,3178,-1985,848,3178,8192,
-1260,1725,3486,-1416,1196,3906,-1517,1120,4026,-1553,1517,3682,-1569,1689,3550,-1657,1497,3710,-1625,1361,3766,-1592,1384,3594,-1540,1440,3438,-1517,1413,3410,8192,
-3582,1300,3842,-3774,708,4543,-4062,167,5475,-4374,-424,6236,-4559,-1128,6528,-4515,-1805,6296,-4311,-2721,5351,-4331,-2797,4943,-4447,-2665,4651,-4487,-2413,4038,8192,
-3794,1044,5627,-4551,1176,5992,-5439,2025,6912,-6520,3318,7541,-7208,4395,7853,-6692,5587,8009,-5335,5827,8089,-3550,4827,6872,-1937,3682,4066,-1044,2701,1680,8192,
-1725,824,3394,-1701,736,3422,-1721,680,3438,-1717,596,3414,-1741,656,3406,-1745,724,3410,-1745,776,3390,-1721,752,3422,-1745,788,3414,-1737,884,3370,8192,
-6576,-3146,2261,-7292,-3318,1745,-7653,-2981,1304,-7460,-2245,544,-7056,-1320,-488,-6768,-124,-1304,-6728,1456,-1529,-6692,3654,-1268,-6116,5359,-1044,-5371,5992,544,8192,
-448,2661,3834,-224,2421,3226,-4,2109,2597,180,1657,2005,352,1325,1785,280,1116,2101,160,1260,3010,27,1384,3358,-72,1232,3090,-112,940,2557,8192,
3017,-548,3222,3266,-224,3342,3698,-260,3486,4110,-588,3506,4246,-992,3618,4170,-1292,3646,4142,-1545,3570,4218,-1785,3546,4042,-1909,3538,3490,-1865,3498,0,
2974,-1216,3238,3358,-1304,3262,3674,-1524,3214,3878,-1793,3198,3986,-2017,3173,4010,-2213,3170,4018,-2357,3121,4042,-2473,3053,3982,-2537,2985,3858,-2537,2909,0,
3042,-600,2994,3218,-684,3026,3466,-856,3085,3726,-940,3189,3890,-1036,3302,3838,-1048,3374,3578,-948,3334,3282,-824,3238,2981,-704,3126,2854,-592,3198,0,
3322,-1857,2877,3438,-2117,2789,3538,-2309,2757,3542,-2485,2725,3426,-2649,2717,3310,-2701,2717,3270,-2553,2750,3206,-2297,2761,3042,-2033,2813,2857,-1777,2821,0,
2637,-916,3085,2965,-1000,3118,3246,-1204,3085,3454,-1504,3033,3578,-1833,2997,3654,-2133,2965,3734,-2345,2870,3754,-2433,2825,3398,-2385,2829,3246,-2201,2870,0,
2913,-1020,3114,3234,-1252,3085,3486,-1556,3022,3642,-1849,2985,3746,-2113,2913,3766,-2341,2809,3738,-2457,2834,3642,-2453,2849,3538,-2329,2845,3438,-2161,2849,0,
3082,-1665,2657,3053,-1657,2766,3170,-1585,2926,3586,-1576,3142,4130,-1605,3522,4210,-1508,3962,3922,-1289,4034,3526,-1076,3862,2965,-792,3686,2405,-480,3310,0,
3118,-1200,2717,3146,-1112,2761,3146,-996,2818,3206,-952,2922,3354,-928,3010,3586,-960,3101,3690,-1008,3250,3558,-968,3330,3426,-852,3418,3518,-672,3626,0,
3326,-960,2729,3222,-812,2761,3150,-672,2797,3238,-556,2965,3442,-408,3230,3630,-244,3514,3658,-76,3806,3346,83,3842,2981,192,3662,2673,308,3438,0,
2906,-780,2917,2974,-604,2965,3114,-492,3085,3422,-368,3194,3754,-332,3234,4022,-428,3218,4139,-660,3101,4006,-876,2965,3714,-1032,2802,3386,-1024,2649,0,
556,-2145,3182,496,-2009,2970,288,-1905,2769,135,-1765,2597,164,-1601,2521,376,-1517,2509,728,-1537,2533,1180,-1592,2625,1653,-1613,2714,2121,-1537,2785,0,
2965,-356,2437,2938,-476,2341,2886,-524,2261,2757,-508,2285,2838,-196,2481,3282,-24,2729,3990,188,3274,4354,372,3962,4191,532,4042,3970,716,4046,0,
3166,-131,3294,3266,-108,3298,3338,-144,3318,3450,-128,3334,3686,-172,3554,3998,-224,3870,4062,-252,3890,3662,-244,3722,3105,-156,3394,2605,24,3126,0,
3306,-408,3158,3166,-484,3033,3022,-528,2933,3038,-524,2945,3246,-540,3042,3714,-580,3370,4266,-532,3882,4523,-424,4318,4367,-308,4311,3890,-292,4139,0,
728,-1733,3146,556,-1717,3014,260,-1653,2926,27,-1628,2829,-15,-1657,2857,124,-1669,2841,280,-1713,2777,340,-1837,2769,328,-1845,2841,304,-1781,2873,4096,
260,-2009,2769,276,-1969,2893,416,-1949,3022,616,-2009,3101,844,-2145,3394,1092,-2225,3398,1100,-2205,3242,856,-2061,3082,560,-1849,2845,328,-1644,2577,4096,
232,-2113,3062,188,-2045,2961,188,-1985,2841,151,-1837,2625,56,-1665,2381,-140,-1628,2750,-92,-1605,3022,1044,-1929,2933,1549,-2153,3069,1809,-2261,3058,4096,
404,-1649,3142,140,-1773,3098,128,-1785,3049,167,-1805,2978,135,-1781,2813,47,-1741,2793,-24,-1685,2978,108,-1649,3118,416,-1696,3202,680,-1857,3210,4096,
135,-1761,3062,104,-1741,2865,-20,-1725,2689,-151,-1709,2813,-112,-1765,3114,280,-1901,3310,760,-2045,3358,1032,-2221,3302,940,-2233,3322,668,-2057,3242,4096,
892,-1973,3450,1252,-2129,3362,876,-2125,3182,548,-1873,3033,316,-1601,2845,128,-1393,2629,-27,-1256,2425,-151,-1260,2405,-112,-1344,2581,324,-1461,2797,4096,
176,-1733,3226,56,-1781,3098,-79,-1733,2929,-188,-1665,2841,-219,-1601,2917,-67,-1653,3033,236,-1817,3354,660,-1949,3598,956,-2045,3558,896,-2113,3434,4096,
156,-1748,3214,144,-1529,3082,-8,-1300,2714,-344,-1036,2385,-648,-944,2529,-564,-1092,2782,192,-1300,2909,1905,-1432,3534,1753,-3173,4358,1817,-2945,4711,4096,
-344,-1224,3422,-364,-1228,3442,-328,-1236,3450,-456,-1216,3346,-588,-1168,3302,-688,-1116,3166,-664,-1092,3182,-616,-1160,3186,-496,-1309,3218,-300,-1416,3342,4096,
-284,-1208,3226,-472,-1240,3242,-480,-1252,3118,-456,-1292,3022,-544,-1292,3082,-564,-1296,3166,-440,-1332,3226,-312,-1348,3330,-140,-1400,3398,128,-1597,3450,4096,
-11,-1477,3586,-27,-1332,3542,-15,-1172,3586,8,-1040,3554,8,-1000,3434,-135,-1020,3178,-432,-1076,2829,-684,-1056,2453,-692,-1008,2369,-188,-1156,2926,4096,
52,-500,4006,83,-524,3970,76,-636,3922,60,-700,3894,4,-700,3822,-56,-668,3762,-79,-660,3706,-63,-660,3690,-36,-640,3734,47,-636,3850,4096,
-47,-1168,3314,-8,-1260,3338,72,-1292,3262,47,-1248,3134,-104,-1140,3001,-308,-1012,2886,-312,-988,3014,47,-1120,3494,740,-1404,4010,1393,-1685,4182,4096,
2877,-852,3186,3022,-928,3198,3170,-992,3189,3266,-1040,3189,3302,-1072,3230,3350,-1084,3189,3346,-1112,3162,3286,-1148,3146,3186,-1176,3098,3053,-1172,3062,0,
2997,-1016,2958,2978,-1004,3017,3042,-1012,3017,3150,-1088,3078,3298,-1152,3246,3502,-1260,3234,3610,-1420,3246,3566,-1576,3314,3406,-1657,3334,3286,-1733,3374,0,
3094,-692,3166,3246,-764,3170,3366,-824,3170,3442,-860,3154,3438,-896,3137,3422,-952,3105,3382,-980,3062,3282,-1012,3006,3189,-1068,2985,3154,-1096,2942,0,
2949,-872,2926,2938,-860,2929,3026,-868,3049,3282,-900,3158,3554,-1032,3158,3622,-1244,3178,3458,-1452,3178,3246,-1581,3170,3118,-1660,3173,2961,-1693,3078,0,
